[0.0, 0.0, 0.0, 0.0, 0.0, 0.0, 0.0, 0.0], 
[23.0, 0.0, -0.0, 0.0, -0.0, 0.0, 0.0, 0.0], 
[70.0, 0.0, -0.0, 0.0, -0.0, 0.0, 0.0, 0.0], 
[92.0, 0.0, -0.0, 0.0, -0.0, 0.0, 0.0, 0.0], 
[114.0, 0.0, -0.0, 0.0, -0.0, 0.0, 0.0, 0.0], 
[138.0, 0.0, -0.0, 0.0, -0.0, 0.0, 0.0, 0.0], 
[160.0, 0.0, -0.0, 0.0, -0.0, 0.0, 0.0, 0.0], 
[190.0, 0.0, -0.0, 0.0, -0.0, 0.0, 0.0, 0.0], 
[215.0, 0.0, -0.0, 0.0, -0.0, 0.0, 0.0, 0.0], 
[235.0, 0.0, -0.0, 0.0, -0.0, 0.0, 0.0, 0.0], 
[257.0, 0.0, -0.0, 0.0, -0.0, 0.0, 0.0, 0.0], 
[280.0, 0.0, -0.0, 0.0, -0.0, 0.0, 0.0, 0.0], 
[300.0, 0.0, -0.0, 0.0, -0.0, 0.0, 0.0, 0.0], 
[318.0, 0.0, -0.0, 0.0, -0.0, 0.0, 0.0, 0.0], 
[338.0, 0.0, 0.023764828220009804, 0.0, -0.0, 0.0, 0.0, 0.0], 
[364.0, 0.0, 0.023764828220009804, 0.0, -0.0, 0.0, 0.0, 0.0], 
[385.0, 0.007077048998326063, 0.2573937475681305, 0.0, -0.0, 0.0, 0.0, 0.0], 
[412.0, 0.007077048998326063, 0.2573937475681305, 0.0, -0.0, 0.0, 0.0, 0.0], 
[437.0, 0.2824254333972931, 0.6745882630348206, 0.0, -0.0, 0.0, 0.0, 0.0], 
[470.0, 0.4075838029384613, 0.9666244387626648, 0.0, -0.0, 0.0, 0.0, 0.0], 
[495.0, 0.4075838029384613, 0.9666244387626648, 0.0, -0.0, 0.0, 0.0, 0.0], 
[522.0, 0.4075838029384613, 0.9916561245918274, 0.0, -0.0, 0.0, 0.0, 0.0], 
[554.0, 0.4075838029384613, 1.0, 0.0, -0.0, 0.0, 0.0, 0.0], 
[591.0, 0.4075838029384613, 1.0, 0.0, -0.0, 0.0, 0.0, 0.0], 
[611.0, 0.4075838029384613, 1.0, 0.0, -0.0, 0.0, 0.0, 0.0], 
[636.0, 0.4075838029384613, 1.0, 0.0, -0.0, 0.0, 0.0, 0.0], 
[658.0, 0.4075838029384613, 1.0, 0.0, -0.0, 0.0, 0.0, 0.0], 
[682.0, 0.4826788008213043, 1.0, 0.0, -0.0, 0.0, 0.0, 0.0], 
[710.0, 0.7496833205223083, 0.6996199488639832, 0.0, -0.0, 0.0, 0.0, 0.0], 
[734.0, 0.7496833205223083, 0.6996199488639832, 0.0, -0.0, 0.0, 0.0, 0.0], 
[756.0, 0.8915294408798218, 0.4743348956108093, 0.0, -0.0, 0.0, 0.0, 0.0], 
[782.0, 0.9332488775253296, 0.4159276783466339, 0.0, -0.0, 0.0, 0.0, 0.0], 
[809.0, 0.9332488775253296, 0.4159276783466339, 0.0, -0.0, 0.0, 0.0, 0.0], 
[829.0, 0.9499366879463196, 0.3992398977279663, 0.0, -0.0, 0.0, 0.0, 0.0], 
[853.0, 0.9499366879463196, 0.3992398977279663, 0.0, -0.0, 0.0, 0.0, 0.0], 
[874.0, 0.9582805633544922, 0.3825521171092987, 0.0, -0.0, 0.0, 0.0, 0.0], 
[897.0, 0.9582805633544922, 0.3825521171092987, 0.0, -0.0, 0.0, 0.0, 0.0], 
[917.0, 0.9582805633544922, 0.3825521171092987, 0.0, -0.0, 0.0, 0.0, 0.0], 
[939.0, 0.9582805633544922, 0.3825521171092987, 0.0, -0.0, 0.0, 0.0, 0.0], 
[961.0, 0.9582805633544922, 0.3825521171092987, 0.0, -0.0, 0.0, 0.0, 0.0], 
[982.0, 0.9582805633544922, 0.3825521171092987, 0.0, -0.0, 0.0, 0.0, 0.0], 
[1008.0, 0.9582805633544922, 0.3825521171092987, 0.0, -0.0, 0.0, 0.0, 0.0], 
[1031.0, 0.9582805633544922, 0.3825521171092987, 0.0, -0.0, 0.0, 0.0, 0.0], 
[1053.0, 0.9582805633544922, 0.3825521171092987, 0.0, -0.0, 0.0, 0.0, 0.0], 
[1082.0, 0.9582805633544922, 0.3825521171092987, 0.0, -0.0, 0.0, 0.0, 0.0], 
[1122.0, 0.9582805633544922, 0.3825521171092987, 0.0, -0.0, 0.0, 0.0, 0.0], 
[1143.0, 0.9582805633544922, 0.3825521171092987, 0.0, -0.0, 0.0, 0.0, 0.0], 
[1164.0, 0.9582805633544922, 0.3825521171092987, 0.0, -0.0, 0.0, 0.0, 0.0], 
[1187.0, 0.9582805633544922, 0.4493032395839691, 0.0, -0.0, 0.0, 0.0, 0.0], 
[1224.0, 0.9582805633544922, 0.4493032395839691, 0.0, -0.0, 0.0, 0.0, 0.0], 
[1247.0, 0.9582805633544922, 0.4493032395839691, 0.0, -0.0, 0.0, 0.0, 0.0], 
[1270.0, 0.9582805633544922, 0.4493032395839691, 0.0, -0.0, 0.0, 0.0, 0.0], 
[1293.0, 0.9582805633544922, 0.4493032395839691, 0.0, -0.0, 0.0, 0.0, 0.0], 
[1316.0, 0.9582805633544922, 0.4493032395839691, 0.0, -0.0, 0.0, 0.0, 0.0], 
[1346.0, 0.9582805633544922, 0.4493032395839691, 0.0, -0.0, 0.0, 0.0, 0.0], 
[1367.0, 0.9582805633544922, 0.4493032395839691, 0.0, -0.0, 0.0, 0.0, 0.0], 
[1387.0, 0.9582805633544922, 0.4493032395839691, 0.0, -0.0, 0.0, 0.0, 0.0], 
[1407.0, 0.9582805633544922, 0.4493032395839691, 0.0, -0.0, 0.0, 0.0, 0.0], 
[1428.0, 0.9582805633544922, 0.4493032395839691, 0.0, -0.0, 0.0, 0.0, 0.0], 
[1450.0, 0.9582805633544922, 0.4493032395839691, 0.0, -0.0, 0.0, 0.0, 0.0], 
[1473.0, 0.9582805633544922, 0.4493032395839691, 0.0, -0.0, 0.0, 0.0, 0.0], 
[1493.0, 0.9582805633544922, 0.4493032395839691, 0.0, -0.0, 0.0, 0.0, 0.0], 
[1518.0, 0.9582805633544922, 0.4493032395839691, 0.0, -0.0, 0.0, 0.0, 0.0], 
[1541.0, 0.9582805633544922, 0.4493032395839691, 0.0, -0.0, 0.0, 0.0, 0.0], 
[1561.0, 0.9582805633544922, 0.4493032395839691, 0.0, -0.0, 0.0, 0.0, 0.0], 
[1582.0, 0.9582805633544922, 0.4493032395839691, 0.0, -0.0, 0.0, 0.0, 0.0], 
[1609.0, 0.9582805633544922, 0.4493032395839691, 0.0, -0.0, 0.0, 0.0, 0.0], 
[1645.0, 0.9582805633544922, 0.4659910202026367, 0.0, -0.0, 0.0, 0.0, 0.0], 
[1670.0, 0.9582805633544922, 0.4993665814399719, 0.0, -0.0, 0.0, 0.0, 0.0], 
[1699.0, 0.9582805633544922, 0.4993665814399719, 0.0, -0.0, 0.0, 0.0, 0.0], 
[1724.0, 0.9582805633544922, 0.5410860180854797, 0.0, -0.0, 0.0, 0.0, 0.0], 
[1754.0, 0.9582805633544922, 0.5577738285064697, 0.0, -0.0, 0.0, 0.0, 0.0], 
[1780.0, 0.8831855654716492, 0.5661177039146423, 0.0, -0.0, 0.0, 0.0, 0.0], 
[1806.0, 0.8831855654716492, 0.5661177039146423, 0.0, -0.0, 0.0, 0.0, 0.0], 
[1833.0, 0.8831855654716492, 0.5661177039146423, 0.0, -0.0, 0.0, 0.0, 0.0], 
[1857.0, 0.8831855654716492, 0.5661177039146423, 0.0, -0.0, 0.0, 0.0, 0.0], 
[1886.0, 0.8831855654716492, 0.5744615793228149, 0.0, -0.0, 0.0, 0.0, 0.0], 
[1913.0, 0.8831855654716492, 0.5744615793228149, 0.0, -0.0, 0.0, 0.0, 0.0], 
[1939.0, 0.8414661288261414, 0.6078371405601501, 0.0, -0.0, 0.0, 0.0, 0.0], 
[1967.0, 0.8414661288261414, 0.6078371405601501, 0.0, -0.0, 0.0, 0.0, 0.0], 
[1991.0, 0.8164344429969788, 0.6245248913764954, 0.0, -0.0, 0.0, 0.0, 0.0], 
[2021.0, 0.8164344429969788, 0.649556577205658, 0.0, -0.0, 0.0, 0.0, 0.0], 
[2055.0, 0.8164344429969788, 0.649556577205658, 0.0, -0.0, 0.0, 0.0, 0.0], 
[2078.0, 0.8080905675888062, 0.6579004526138306, 0.0, -0.0, 0.0, 0.0, 0.0], 
[2106.0, 0.7997466325759888, 0.6579004526138306, 0.0, -0.0, 0.0, 0.0, 0.0], 
[2130.0, 0.7997466325759888, 0.6579004526138306, 0.0, -0.0, 0.0, 0.0, 0.0], 
[2166.0, 0.7830588817596436, 0.6745882630348206, 0.0, -0.0, 0.0, 0.0, 0.0], 
[2190.0, 0.6412127017974854, 0.774715006351471, 0.0, -0.0, 0.0, 0.0, 0.0], 
[2216.0, 0.6412127017974854, 0.774715006351471, 0.0, -0.0, 0.0, 0.0, 0.0], 
[2238.0, 0.5160543322563171, 0.8998733162879944, 0.0, -0.0, 0.0, 0.0, 0.0], 
[2265.0, 0.4326154589653015, 0.9666244387626648, 0.0, -0.0, 0.0, 0.0, 0.0], 
[2291.0, 0.4326154589653015, 0.9666244387626648, 0.0, -0.0, 0.0, 0.0, 0.0], 
[2312.0, 0.3491765558719635, 0.9916561245918274, 0.0, -0.0, 0.0, 0.0, 0.0], 
[2339.0, 0.3491765558719635, 0.9916561245918274, 0.0, -0.0, 0.0, 0.0, 0.0], 
[2362.0, 0.2740815281867981, 1.0, 0.0, -0.0, 0.0, 0.0, 0.0], 
[2388.0, 0.16561096906661987, 1.0, 0.0, -0.0, 0.0, 0.0, 0.0], 
[2413.0, 0.16561096906661987, 1.0, 0.0, -0.0, 0.0, 0.0, 0.0], 
[2442.0, 0.0, 1.0, 0.0, -0.0, 0.0, 0.0, 0.0], 
[2479.0, 0.0, 1.0, 0.0, -0.0, 0.0, 0.0, 0.0], 
[2502.0, 0.0, 1.0, 0.0, -0.0, 0.0, 0.0, 0.0], 
[2528.0, 0.0, 1.0, 0.0, -0.0, 0.0, 0.0, 0.0], 
[2549.0, 0.0, 1.0, 0.0, -0.0, 0.0, 0.0, 0.0], 
[2571.0, 0.0, 1.0, 0.0, -0.0, 0.0, 0.0, 0.0], 
[2590.0, 0.0, 1.0, 0.0, -0.0, 0.0, 0.0, 0.0], 
[2613.0, 0.0, 1.0, 0.0, -0.0, 0.0, 0.0, 0.0], 
[2632.0, 0.0, 1.0, 0.0, -0.0, 0.0, 0.0, 0.0], 
[2653.0, 0.0, 1.0, 0.0, -0.0, 0.0, 0.0, 0.0], 
[2684.0, 0.0, 1.0, 0.0, -0.0, 0.0, 0.0, 0.0], 
[2704.0, 0.0, 1.0, 0.0, -0.0, 0.0, 0.0, 0.0], 
[2724.0, 0.0, 1.0, 0.0, -0.0, 0.0, 0.0, 0.0], 
[2743.0, 0.0, 1.0, 0.0, -0.0, 0.0, 0.0, 0.0], 
[2761.0, 0.0, 1.0, 0.0, -0.0, 0.0, 0.0, 0.0], 
[2779.0, 0.0, 1.0, 0.0, -0.0, 0.0, 0.0, 0.0], 
[2797.0, 0.0, 1.0, 0.0, -0.0, 0.0, 0.0, 0.0], 
[2817.0, 0.0, 1.0, 0.0, -0.0, 0.0, 0.0, 0.0], 
[2837.0, 0.0, 1.0, 0.0, -0.0, 0.0, 0.0, 0.0], 
[2858.0, 0.0, 1.0, 0.0, -0.0, 0.0, 0.0, 0.0], 
[2881.0, 0.0, 1.0, 0.0, -0.0, 0.0, 0.0, 0.0], 
[2906.0, 0.0, 1.0, 0.0, -0.0, 0.0, 0.0, 0.0], 
[2929.0, 0.0, 1.0, 0.0, -0.0, 0.0, 0.0, 0.0], 
[2953.0, 0.0, 1.0, 0.0, -0.0, 0.0, 0.0, 0.0], 
[2994.0, 0.0, 1.0, 0.0, -0.0, 0.0, 0.0, 0.0], 
[3013.0, 0.0, 1.0, 0.0, -0.0, 0.0, 0.0, 0.0], 
[3035.0, 0.0, 1.0, 0.0, -0.0, 0.0, 0.0, 0.0], 
[3054.0, 0.0, 1.0, 0.0, -0.0, 0.0, 0.0, 0.0], 
[3078.0, 0.0, 1.0, 0.0, -0.0, 0.0, 0.0, 0.0], 
[3099.0, 0.0, 1.0, 0.0, -0.0, 0.0, 0.0, 0.0], 
[3118.0, 0.0, 1.0, 0.05714039131999016, -0.0, 0.0, 0.0, 0.0], 
[3143.0, 0.0, 0.6412127017974854, 0.758027195930481, -0.0, 0.0, 0.0, 0.0], 
[3169.0, 0.0, 0.6412127017974854, 0.758027195930481, -0.0, 0.0, 0.0, 0.0], 
[3202.0, 0.0, -0.0, 1.0, -0.0, 0.0, 0.0, 0.0], 
[3225.0, 0.0, -0.0, 1.0, -0.0, 0.0, 0.0, 0.0], 
[3252.0, 0.0, -0.0, 1.0, -0.0, 0.0, 0.0, 0.0], 
[3270.0, 0.0, -0.0, 1.0, -0.0, 0.0, 0.0, 0.0], 
[3289.0, 0.0, -0.0, 1.0, -0.0, 0.0, 0.0, 0.0], 
[3309.0, 0.0, -0.0, 1.0, -0.0, 0.0, 0.0, 0.0], 
[3330.0, 0.0, -0.0, 1.0, -0.0, 0.0, 0.0, 0.0], 
[3351.0, 0.0, -0.0, 1.0, -0.0, 0.0, 0.0, 0.0], 
[3371.0, 0.0, -0.0, 1.0, -0.0, 0.0, 0.0, 0.0], 
[3391.0, 0.0, -0.0, 1.0, -0.0, 0.0, 0.0, 0.0], 
[3413.0, 0.0, -0.0, 1.0, -0.0, 0.0, 0.0, 0.0], 
[3436.0, 0.0, -0.0, 1.0, -0.0, 0.0, 0.0, 0.0], 
[3463.0, 0.0, -0.0, 1.0, -0.0, 0.0, 0.0, 0.0], 
[3490.0, 0.0, -0.0, 1.0, -0.0, 0.0, 0.0, 0.0], 
[3521.0, 0.0, -0.0, 1.0, -0.0, 0.0, 0.0, 0.0], 
[3543.0, 0.0, -0.0, 1.0, -0.0, 0.0, 0.0, 0.0], 
[3563.0, 0.0, -0.0, 1.0, -0.0, 0.0, 0.0, 0.0], 
[3585.0, 0.0, -0.0, 1.0, -0.0, 0.0, 0.0, 0.0], 
[3605.0, 0.0, -0.0, 1.0, -0.0, 0.0, 0.0, 0.0], 
[3627.0, 0.0, -0.0, 1.0, -0.0, 0.0, 0.0, 0.0], 
[3653.0, 0.0, -0.0, 1.0, -0.0, 0.0, 0.0, 0.0], 
[3680.0, 0.0, -0.0, 1.0, -0.0, 0.0, 0.0, 0.0], 
[3715.0, 0.0, -0.0, 1.0, -0.0, 0.0, 0.0, 0.0], 
[3752.0, 0.0, -0.0, 1.0, -0.0, 0.0, 0.0, 0.0], 
[3788.0, 0.0, -0.0, 1.0, -0.0, 0.0, 0.0, 0.0], 
[3810.0, 0.0, -0.0, 1.0, -0.0, 0.0, 0.0, 0.0], 
[3833.0, 0.0, 0.07382816821336746, 1.0, -0.0, 0.0, 0.0, 0.0], 
[3861.0, 0.0, 0.6912760138511658, 0.7830588817596436, -0.0, 0.0, 0.0, 0.0], 
[3887.0, 0.0, 0.6912760138511658, 0.7830588817596436, -0.0, 0.0, 0.0, 0.0], 
[3910.0, 0.0, 1.0, 0.11554761976003647, -0.0, 0.0, 0.0, 0.0], 
[3937.0, 0.0, 1.0, 0.11554761976003647, -0.0, 0.0, 0.0, 0.0], 
[3959.0, 0.0, 1.0, 0.0, -0.0, 0.0, 0.0, 0.0], 
[3990.0, 0.0, 1.0, 0.0, -0.0, 0.0, 0.0, 0.0], 
[4015.0, 0.0, 1.0, 0.0, -0.0, 0.0, 0.0, 0.0], 
[4035.0, 0.0, 1.0, 0.2740815281867981, -0.0, 0.0, 0.0, 0.0], 
[4069.0, 0.0, 1.0, 0.8998733162879944, -0.0, 0.0, 0.0, 0.0], 
[4098.0, 0.0, 1.0, 0.8998733162879944, -0.0, 0.0, 0.0, 0.0], 
[4118.0, 0.0, 0.2907693088054657, 1.0, -0.0, 0.0, 0.0, 0.0], 
[4141.0, 0.0, -0.0, 1.0, -0.0, 0.0, 0.0, 0.0], 
[4164.0, 0.0, -0.0, 1.0, -0.0, 0.0, 0.0, 0.0], 
[4189.0, 0.0, -0.0, 1.0, -0.0, 0.0, 0.0, 0.0], 
[4229.0, 0.0, -0.0, 1.0, -0.0, 0.0, 0.0, 0.0], 
[4252.0, 0.0, -0.0, 1.0, -0.0, 0.0, 0.0, 0.0], 
[4275.0, 0.0, 0.4659910202026367, 1.0, -0.0, 0.0, 0.0, 0.0], 
[4308.0, 0.0, 0.9916561245918274, 1.0, -0.0, 0.0, 0.0, 0.0], 
[4340.0, 0.0, 0.9916561245918274, 1.0, -0.0, 0.0, 0.0, 0.0], 
[4360.0, 0.0, 1.0, 0.7663710713386536, -0.0, 0.0, 0.0, 0.0], 
[4384.0, 0.0, 1.0, 0.0, -0.0, 0.0, 0.0, 0.0], 
[4412.0, 0.0, 1.0, 0.0, -0.0, 0.0, 0.0, 0.0], 
[4437.0, 0.0, 1.0, 0.0, -0.0, 0.0, 0.0, 0.0], 
[4465.0, 0.0, 1.0, 0.0, -0.0, 0.0, 0.0, 0.0], 
[4491.0, 0.0, 1.0, 0.0, -0.0, 0.0, 0.0, 0.0], 
[4514.0, 0.0, 0.666244387626648, 0.4576471149921417, -0.0, 0.0, 0.0, 0.0], 
[4545.0, 0.0, -0.0, 1.0, -0.0, 0.0, 0.0, 0.0], 
[4571.0, 0.0, -0.0, 1.0, -0.0, 0.0, 0.0, 0.0], 
[4607.0, 0.0, -0.0, 1.0, -0.0, 0.0, 0.0, 0.0], 
[4630.0, 0.0, -0.0, 1.0, -0.0, 0.0, 0.0, 0.0], 
[4653.0, 0.0, -0.0, 1.0, -0.0, 0.0, 0.0, 0.0], 
[4676.0, 0.0, -0.0, 1.0, -0.0, 0.0, 0.0, 0.0], 
[4704.0, 0.0, -0.0, 1.0, -0.0, 0.0, 0.0, 0.0], 
[4741.0, 0.0, -0.0, 1.0, -0.0, 0.0, 0.0, 0.0], 
[4764.0, 0.0, -0.0, 1.0, -0.0, 0.0, 0.0, 0.0], 
[4784.0, 0.0, -0.0, 1.0, -0.0, 0.0, 0.0, 0.0], 
[4803.0, 0.0, -0.0, 1.0, -0.0, 0.0, 0.0, 0.0], 
[4825.0, 0.0, 0.4493032395839691, 1.0, -0.0, 0.0, 0.0, 0.0], 
[4855.0, 0.0, 0.4493032395839691, 1.0, -0.0, 0.0, 0.0, 0.0], 
[4876.0, 0.0, 0.9916561245918274, 0.5744615793228149, -0.0, 0.0, 0.0, 0.0], 
[4899.0, 0.0, 0.9916561245918274, 0.5744615793228149, -0.0, 0.0, 0.0, 0.0], 
[4918.0, 0.0, 1.0, 0.0, -0.0, 0.0, 0.0, 0.0], 
[4946.0, 0.0, 1.0, 0.0, -0.0, 0.0, 0.0, 0.0], 
[4971.0, 0.0, 1.0, 0.0, -0.0, 0.0, 0.0, 0.0], 
[4995.0, 0.0, 1.0, 0.0, -0.0, 0.0, 0.0, 0.0], 
[5015.0, 0.0, 1.0, 0.0, -0.0, 0.0, 0.0, 0.0], 
[5035.0, 0.0, 1.0, 0.0, -0.0, 0.0, 0.0, 0.0], 
[5058.0, 0.0, 1.0, 0.0, -0.0, 0.0, 0.0, 0.0], 
[5081.0, 0.0, 1.0, 0.0, -0.0, 0.0, 0.0, 0.0], 
[5103.0, 0.0, 1.0, 0.0, -0.0, 0.0, 0.0, 0.0], 
[5137.0, 0.0, 1.0, 0.0, -0.0, 0.0, 0.0, 0.0], 
[5160.0, 0.0, 1.0, 0.0, -0.0, 0.0, 0.0, 0.0], 
[5183.0, 0.0, 1.0, 0.0, -0.0, 0.0, 0.0, 0.0], 
[5208.0, 0.0, 1.0, 0.0, -0.0, 0.0, 0.0, 0.0], 
[5243.0, 0.0, 1.0, 0.0, -0.0, 0.0, 0.0, 0.0], 
[5268.0, 0.0, 1.0, 0.0, -0.0, 0.0, 0.0, 0.0], 
[5292.0, 0.0, 1.0, 0.0, -0.0, 0.0, 0.0, 0.0], 
[5316.0, 0.0, 1.0, 0.0, -0.0, 0.0, 0.0, 0.0], 
[5340.0, 0.0, 1.0, 0.0, -0.0, 0.0, 0.0, 0.0], 
[5362.0, 0.0, 1.0, 0.0, -0.0, 0.0, 0.0, 0.0], 
[5391.0, 0.0, 1.0, 0.0, -0.0, 0.0, 0.0, 0.0], 
[5414.0, 0.0, 1.0, 0.0, -0.0, 0.0, 0.0, 0.0], 
[5439.0, 0.0, 1.0, 0.0, -0.0, 0.0, 0.0, 0.0], 
[5473.0, 0.0, 1.0, 0.0, -0.0, 0.0, 0.0, 0.0], 
[5498.0, 0.0, 1.0, 0.0, -0.0, 0.0, 0.0, 0.0], 
[5521.0, 0.0, 1.0, 0.0, -0.0, 0.0, 0.0, 0.0], 
[5543.0, 0.0, 1.0, 0.0, -0.0, 0.0, 0.0, 0.0], 
[5568.0, 0.0, 1.0, 0.0, -0.0, 0.0, 0.0, 0.0], 
[5591.0, 0.0, 1.0, 0.0, -0.0, 0.0, 0.0, 0.0], 
[5615.0, 0.0, 1.0, 0.0, -0.0, 0.0, 0.0, 0.0], 
[5641.0, 0.0, 1.0, 0.0, -0.0, 0.0, 0.0, 0.0], 
[5671.0, 0.0, 1.0, 0.0, -0.0, 0.0, 0.0, 0.0], 
[5695.0, 0.0, 1.0, 0.0, -0.0, 0.0, 0.0, 0.0], 
[5720.0, 0.0, 1.0, 0.0, -0.0, 0.0, 0.0, 0.0], 
[5759.0, 0.0, 1.0, 0.0, -0.0, 0.0, 0.0, 0.0], 
[5785.0, 0.0, 1.0, 0.0, -0.0, 0.0, 0.0, 0.0], 
[5807.0, 0.0, 1.0, 0.0, -0.0, 0.0, 0.0, 0.0], 
[5831.0, 0.0, 1.0, 0.0, -0.0, 0.0, 0.0, 0.0], 
[5853.0, 0.0, 1.0, 0.0, -0.0, 0.0, 0.0, 0.0], 
[5876.0, 0.0, 1.0, 0.0, -0.0, 0.0, 0.0, 0.0], 
[5898.0, 0.0, 1.0, 0.0, -0.0, 0.0, 0.0, 0.0], 
[5920.0, 0.0, 1.0, 0.0, -0.0, 0.0, 0.0, 0.0], 
[5949.0, 0.0, 1.0, 0.0, -0.0, 0.0, 0.0, 0.0], 
[5976.0, 0.0, 1.0, 0.0, -0.0, 0.0, 0.0, 0.0], 
[5997.0, 0.0, 1.0, 0.0, -0.0, 0.0, 0.0, 0.0], 
[6021.0, 0.0, 1.0, 0.0, -0.0, 0.0, 0.0, 0.0], 
[6041.0, 0.0, 1.0, 0.0, -0.0, 0.0, 0.0, 0.0], 
[6062.0, 0.0, 1.0, 0.0, -0.0, 0.0, 0.0, 0.0], 
[6084.0, 0.0, 1.0, 0.0, -0.0, 0.0, 0.0, 0.0], 
[6104.0, 0.0, 1.0, 0.0, -0.0, 0.0, 0.0, 0.0], 
[6127.0, 0.0, 1.0, 0.0, -0.0, 0.0, 0.0, 0.0], 
[6155.0, 0.0, 1.0, 0.0, -0.0, 0.0, 0.0, 0.0], 
[6179.0, 0.0, 0.9165611267089844, 0.0, -0.0, 0.0, 0.0, 0.0], 
[6217.0, 0.0, 0.9165611267089844, 0.0, -0.0, 0.0, 0.0, 0.0], 
[6242.0, 0.0, 0.05714039131999016, 0.0, -0.0, 0.0, 0.0, 0.0], 
[6283.0, 0.0, -0.6746206879615784, 0.0, -0.0, 0.0, 0.0, 0.0], 
[6308.0, 0.0, -1.0, 0.0, -0.0, 0.0, 0.0, 0.0], 
[6336.0, 0.0, -1.0, 0.0, -0.0, 0.0, 0.0, 0.0], 
[6358.0, 0.0, -1.0, 0.0, -0.0, 0.0, 0.0, 0.0], 
[6382.0, 0.0, -1.0, 0.0, -0.0, 0.0, 0.0, 0.0], 
[6405.0, 0.0, -1.0, 0.0, -0.0, 0.0, 0.0, 0.0], 
[6427.0, 0.0, -1.0, 0.0, -0.0, 0.0, 0.0, 0.0], 
[6449.0, 0.0, -1.0, 0.0, -0.0, 0.0, 0.0, 0.0], 
[6483.0, 0.0, -1.0, 0.0, -0.0, 0.0, 0.0, 0.0], 
[6508.0, 0.0, -1.0, 0.0, -0.0, 0.0, 0.0, 0.0], 
[6529.0, 0.0, -1.0, 0.0, -0.0, 0.0, 0.0, 0.0], 
[6549.0, -0.02379729226231575, -1.0, 0.0, -0.0, 0.0, 0.0, 0.0], 
[6572.0, -0.02379729226231575, -1.0, 0.0, -0.0, 0.0, 0.0, 0.0], 
[6593.0, -0.04048508033156395, -1.0, 0.0, -0.0, 0.0, 0.0, 0.0], 
[6616.0, -0.04048508033156395, -1.0, 0.0, -0.0, 0.0, 0.0, 0.0], 
[6638.0, -0.04048508033156395, -1.0, 0.0, -0.0, 0.0, 0.0, 0.0], 
[6663.0, -0.04048508033156395, -1.0, 0.0, -0.0, 0.0, 0.0, 0.0], 
[6686.0, -0.04048508033156395, -1.0, 0.0, -0.0, 0.0, 0.0, 0.0], 
[6711.0, -0.04048508033156395, -1.0, 0.0, -0.0, 0.0, 0.0, 0.0], 
[6744.0, -0.04048508033156395, -1.0, 0.0, -0.0, 0.0, 0.0, 0.0], 
[6774.0, -0.04048508033156395, -1.0, 0.0, -0.0, 0.0, 0.0, 0.0], 
[6808.0, -0.04048508033156395, -1.0, 0.0, -0.0, 0.0, 0.0, 0.0], 
[6829.0, -0.04048508033156395, -1.0, 0.0, -0.0, 0.0, 0.0, 0.0], 
[6853.0, -0.04048508033156395, -1.0, 0.0, -0.0, 0.0, 0.0, 0.0], 
[6874.0, -0.04882897064089775, -1.0, 0.0, -0.0, 0.0, 0.0, 0.0], 
[6897.0, -0.04882897064089775, -1.0, 0.0, -0.0, 0.0, 0.0, 0.0], 
[6916.0, -0.04882897064089775, -1.0, 0.0, -0.0, 0.0, 0.0, 0.0], 
[6936.0, -0.04882897064089775, -1.0, 0.0, -0.0, 0.0, 0.0, 0.0], 
[6956.0, -0.04882897064089775, -1.0, 0.0, -0.0, 0.0, 0.0, 0.0], 
[6978.0, -0.04882897064089775, -1.0, 0.0, -0.0, 0.0, 0.0, 0.0], 
[7004.0, -0.04882897064089775, -1.0, 0.0, -0.0, 0.0, 0.0, 0.0], 
[7026.0, -0.04882897064089775, -1.0, 0.0, -0.0, 0.0, 0.0, 0.0], 
[7048.0, -0.04882897064089775, -1.0, 0.0, -0.0, 0.0, 0.0, 0.0], 
[7068.0, -0.04882897064089775, -1.0, 0.0, -0.0, 0.0, 0.0, 0.0], 
[7088.0, -0.04882897064089775, -1.0, 0.0, -0.0, 0.0, 0.0, 0.0], 
[7110.0, -0.04882897064089775, -1.0, 0.0, -0.0, 0.0, 0.0, 0.0], 
[7130.0, -0.04882897064089775, -1.0, 0.0, -0.0, 0.0, 0.0, 0.0], 
[7151.0, -0.04882897064089775, -1.0, 0.0, -0.0, 0.0, 0.0, 0.0], 
[7175.0, -0.04882897064089775, -1.0, 0.0, -0.0, 0.0, 0.0, 0.0], 
[7198.0, -0.04882897064089775, -1.0, 0.0, -0.0, 0.0, 0.0, 0.0], 
[7218.0, -0.04882897064089775, -1.0, 0.0, -0.0, 0.0, 0.0, 0.0], 
[7238.0, -0.04882897064089775, -1.0, 0.0, -0.0, 0.0, 0.0, 0.0], 
[7264.0, -0.04882897064089775, -1.0, 0.0, -0.0, 0.0, 0.0, 0.0], 
[7288.0, -0.04882897064089775, -1.0, 0.0, -0.0, 0.0, 0.0, 0.0], 
[7318.0, -0.04882897064089775, -1.0, 0.0, -0.0, 0.0, 0.0, 0.0], 
[7343.0, -0.04882897064089775, -1.0, 0.0, -0.0, 0.0, 0.0, 0.0], 
[7370.0, -0.04882897064089775, -1.0, 0.0, -0.0, 0.0, 0.0, 0.0], 
[7393.0, -0.04882897064089775, -1.0, 0.0, -0.0, 0.0, 0.0, 0.0], 
[7424.0, -0.04882897064089775, -1.0, 0.0, -0.0, 0.0, 0.0, 0.0], 
[7446.0, -0.04882897064089775, -1.0, 0.0, -0.0, 0.0, 0.0, 0.0], 
[7472.0, -0.04882897064089775, -1.0, 0.0, -0.0, 0.0, 0.0, 0.0], 
[7495.0, -0.04882897064089775, -1.0, 0.0, -0.0, 0.0, 0.0, 0.0], 
[7527.0, -0.04882897064089775, -1.0, 0.0, -0.0, 0.0, 0.0, 0.0], 
[7551.0, -0.04882897064089775, -1.0, 0.0, -0.0, 0.0, 0.0, 0.0], 
[7573.0, -0.04882897064089775, -1.0, 0.0, -0.0, 0.0, 0.0, 0.0], 
[7597.0, -0.04882897064089775, -1.0, 0.0, -0.0, 0.0, 0.0, 0.0], 
[7620.0, -0.04882897064089775, -1.0, 0.0, -0.0, 0.0, 0.0, 0.0], 
[7642.0, -0.04882897064089775, -1.0, 0.0, -0.0, 0.0, 0.0, 0.0], 
[7666.0, -0.057172857224941254, -1.0, 0.0, -0.0, 0.0, 0.0, 0.0], 
[7698.0, -0.057172857224941254, -1.0, 0.0, -0.0, 0.0, 0.0, 0.0], 
[7721.0, -0.15729954838752747, -1.0, 0.0, -0.0, 0.0, 0.0, 0.0], 
[7746.0, -0.2657701075077057, -1.0, 0.0, -0.0, 0.0, 0.0, 0.0], 
[7773.0, -0.2657701075077057, -1.0, 0.0, -0.0, 0.0, 0.0, 0.0], 
[7808.0, -0.4660234749317169, -0.8665302395820618, 0.0, -0.0, 0.0, 0.0, 0.0], 
[7845.0, -0.8414985537528992, -0.4076162576675415, 0.0, -0.0, 0.0, 0.0, 0.0], 
[7874.0, -1.0, -0.0, 0.0, -0.0, 0.0, 0.0, 0.0], 
[7900.0, -1.0, -0.0, 0.0, -0.0, 0.0, 0.0, 0.0], 
[7919.0, -1.0, -0.0, 0.0, -0.0, 0.0, 0.0, 0.0], 
[7941.0, -1.0, -0.0, 0.0, -0.0, 0.0, 0.0, 0.0], 
[7964.0, -1.0, -0.0, 0.0, -0.0, 0.0, 0.0, 0.0], 
[7986.0, -1.0, -0.0, 0.0, -0.0, 0.0, 0.0, 0.0], 
[8009.0, -1.0, -0.0, 0.0, -0.0, 0.0, 0.0, 0.0], 
[8035.0, -1.0, 0.007077048998326063, 0.0, -0.0, 0.0, 0.0, 0.0], 
[8063.0, -0.9332813620567322, 0.2573937475681305, 0.0, -0.0, 0.0, 0.0, 0.0], 
[8092.0, -0.9332813620567322, 0.2573937475681305, 0.0, -0.0, 0.0, 0.0, 0.0], 
[8113.0, -0.7246840596199036, 0.6245248913764954, 0.0, -0.0, 0.0, 0.0, 0.0], 
[8138.0, -0.7246840596199036, 0.6245248913764954, 0.0, -0.0, 0.0, 0.0, 0.0], 
[8158.0, -0.3408651351928711, 0.724651575088501, 0.0, -0.0, 0.0, 0.0, 0.0], 
[8186.0, -0.07386063784360886, 0.8831855654716492, 0.0, -0.0, 0.0, 0.0, 0.0], 
[8219.0, -0.07386063784360886, 0.8831855654716492, 0.0, -0.0, 0.0, 0.0, 0.0], 
[8244.0, 0.0, 1.0, 0.015420937910676003, -0.0, 0.0, 0.0, 0.0], 
[8273.0, 0.0, 1.0, 0.3491765558719635, -0.0, 0.0, 0.0, 0.0], 
[8299.0, 0.0, 1.0, 0.3491765558719635, -0.0, 0.0, 0.0, 0.0], 
[8326.0, 0.0, 0.4409593641757965, 0.5661177039146423, -0.0, 0.0, 0.0, 0.0], 
[8353.0, 0.0, -0.0, 0.6245248913764954, -0.0, 0.0, 0.0, 0.0], 
[8378.0, 0.0, -0.0, 0.6245248913764954, -0.0, 0.0, 0.0, 0.0], 
[8398.0, 0.0, -0.0, 0.7329954504966736, -0.0, 0.0, 0.0, 0.0], 
[8423.0, 0.0, -0.0, 0.22401820123195648, -0.0, 0.0, 0.0, 0.0], 
[8449.0, 0.0, -0.0, 0.22401820123195648, -0.0, 0.0, 0.0, 0.0], 
[8470.0, 0.0, -0.0, 0.0, -0.0, 0.0, 0.0, 0.0], 
[8498.0, 0.0, -0.0, 0.0, -0.0, 0.0, 0.0, 0.0], 
[8521.0, 0.0, -0.0, 0.0, -0.0, 0.0, 0.0, 0.0], 
[8547.0, 0.0, -0.0, 0.0, -0.0, 0.0, 0.0, 0.0], 
[8568.0, 0.0, -0.0, 0.0, -0.0, 0.0, 0.0, 0.0], 
[8593.0, 0.0, -0.0, 0.0, -0.0, 0.0, 0.0, 0.0], 
[8612.0, 0.0, -0.0, 0.0, -0.0, 0.0, 0.0, 0.0], 
[8633.0, 0.0, -0.0, 0.0, -0.0, 0.0, 0.0, 0.0], 
[8654.0, 0.0, -0.0, 0.0, -0.0, 0.0, 0.0, 0.0], 
[8675.0, 0.0, -0.0, 0.0, -0.0, 0.0, 0.0, 0.0], 
[8696.0, 0.0, -0.0, 0.0, -0.0, 0.0, 0.0, 0.0], 
[8721.0, 0.0, -0.0, 0.0, -0.0, 0.0, 0.0, 0.0], 
[8745.0, 0.0, -0.0, 0.0, -0.0, 0.0, 0.0, 0.0], 
[8769.0, 0.0, -0.0, 0.0, -0.0, 0.0, 0.0, 0.0], 
[8795.0, -0.3241773247718811, -0.0, 0.0, -0.0, 0.0, 0.0, 0.0], 
[8823.0, -0.9833446741104126, -0.0, 0.0, -0.0, 0.0, 0.0, 0.0], 
[8865.0, -1.0, -0.0, 0.0, -0.0, 0.0, 0.0, 0.0], 
[8892.0, -1.0, -0.0, 0.0, -0.0, 0.0, 0.0, 0.0], 
[8912.0, -1.0, -0.0, 0.0, -0.0, 0.0, 0.0, 0.0], 
[8932.0, -1.0, -0.0, 0.0, -0.0, 0.0, 0.0, 0.0], 
[8952.0, -1.0, -0.0, 0.0, -0.0, 0.0, 0.0, 0.0], 
[8971.0, -1.0, -0.0, 0.0, -0.0, 0.0, 0.0, 0.0], 
[8990.0, -1.0, -0.0, 0.0, -0.0, 0.0, 0.0, 0.0], 
[9010.0, -1.0, -0.0, 0.0, -0.0, 0.0, 0.0, 0.0], 
[9032.0, -1.0, -0.0, 0.0, -0.0, 0.0, 0.0, 0.0], 
[9057.0, -0.3158334493637085, -0.0, -0.14895565807819366, -0.0, 0.0, 0.0, 0.0], 
[9085.0, -0.3158334493637085, -0.0, -0.14895565807819366, -0.0, 0.0, 0.0, 0.0], 
[9104.0, 0.0, -0.0, -0.7580596804618835, -0.0, 0.0, 0.0, 0.0], 
[9130.0, 0.0, -0.0, -0.7580596804618835, -0.0, 0.0, 0.0, 0.0], 
[9149.0, 0.0, -0.0, -0.8748741149902344, -0.0, 0.0, 0.0, 0.0], 
[9173.0, 0.0, -0.0, -0.8748741149902344, -0.0, 0.0, 0.0, 0.0], 
[9192.0, 0.0, -0.0, -0.4493356943130493, -0.0, 0.0, 0.0, 0.0], 
[9218.0, 0.0, -0.0, -0.4493356943130493, -0.0, 0.0, 0.0, 0.0], 
[9243.0, 0.0, -0.0, 0.0, -0.0, 0.0, 0.0, 0.0], 
[9273.0, 0.0, -0.0, 0.0, -0.0, 0.0, 0.0, 0.0], 
[9298.0, 0.0, -0.0, 0.0, -0.0, 0.0, 0.0, 0.0], 
[9322.0, 0.0, -0.0, 0.0, -0.0, 0.0, 0.0, 0.0], 
[9344.0, 0.0, 0.3491765558719635, 0.0, -0.0, 0.0, 0.0, 0.0], 
[9389.0, -0.03214119002223015, 0.9165611267089844, 0.0, -0.0, 0.0, 0.0, 0.0], 
[9419.0, 0.0, 1.0, 0.0, -0.0, 0.0, 0.0, 0.0], 
[9448.0, 0.0, 1.0, 0.0, -0.0, 0.0, 0.0, 0.0], 
[9471.0, 0.0, 1.0, 0.0, -0.0, 0.0, 0.0, 0.0], 
[9493.0, 0.0, 1.0, 0.0, -0.0, 0.0, 0.0, 0.0], 
[9517.0, 0.0, 1.0, 0.0, -0.0, 0.0, 0.0, 0.0], 
[9542.0, 0.0, 1.0, 0.08217205852270126, -0.0, 0.0, 0.0, 0.0], 
[9569.0, 0.0, 1.0, 0.08217205852270126, -0.0, 0.0, 0.0, 0.0], 
[9590.0, 0.0, 1.0, 0.7079638242721558, -0.0, 0.0, 0.0, 0.0], 
[9614.0, 0.0, 1.0, 0.7079638242721558, -0.0, 0.0, 0.0, 0.0], 
[9638.0, 0.0, 1.0, 0.8581538796424866, -0.0, 0.0, 0.0, 0.0], 
[9674.0, 0.0, 1.0, 0.19898653030395508, -0.0, 0.0, 0.0, 0.0], 
[9699.0, 0.0, 1.0, 0.19898653030395508, -0.0, 0.0, 0.0, 0.0], 
[9721.0, 0.0, 1.0, 0.0, -0.0, 0.0, 0.0, 0.0], 
[9753.0, 0.0, 1.0, 0.0, -0.0, 0.0, 0.0, 0.0], 
[9776.0, 0.0, 1.0, 0.0, -0.0, 0.0, 0.0, 0.0], 
[9805.0, 0.0, 1.0, 0.0, -0.0, 0.0, 0.0, 0.0], 
[9828.0, 0.0, 1.0, 0.0, -0.0, 0.0, 0.0, 0.0], 
[9848.0, 0.0, 1.0, 0.0, -0.0, 0.0, 0.0, 0.0], 
[9873.0, 0.0, 1.0, 0.0, -0.0, 0.0, 0.0, 0.0], 
[9904.0, 0.0, 1.0, 0.0, -0.0, 0.0, 0.0, 0.0], 
[9929.0, 0.0, 1.0, 0.0, -0.0, 0.0, 0.0, 0.0], 
[9950.0, 0.0, 1.0, 0.0, -0.0, 0.0, 0.0, 0.0], 
[9970.0, 0.0, 1.0, 0.0, -0.0, 0.0, 0.0, 0.0], 
[9993.0, 0.0, 1.0, 0.0, -0.0, 0.0, 0.0, 0.0], 
[10018.0, 0.0, 1.0, 0.0, -0.0, 0.0, 0.0, 0.0], 
[10041.0, 0.05714039131999016, 1.0, 0.0, -0.0, 0.0, 0.0, 0.0], 
[10076.0, 0.06548428535461426, 1.0, 0.0, -0.0, 0.0, 0.0, 0.0], 
[10101.0, 0.06548428535461426, 1.0, 0.0, -0.0, 0.0, 0.0, 0.0], 
[10122.0, 0.06548428535461426, 1.0, 0.0, -0.0, 0.0, 0.0, 0.0], 
[10146.0, 0.06548428535461426, 1.0, 0.0, -0.0, 0.0, 0.0, 0.0], 
[10169.0, 0.06548428535461426, 1.0, 0.0, -0.0, 0.0, 0.0, 0.0], 
[10198.0, 0.06548428535461426, 1.0, 0.0, -0.0, 0.0, 0.0, 0.0], 
[10221.0, 0.06548428535461426, 1.0, 0.0, -0.0, 0.0, 0.0, 0.0], 
[10244.0, 0.06548428535461426, 1.0, 0.0, -0.0, 0.0, 0.0, 0.0], 
[10267.0, 0.06548428535461426, 1.0, 0.0, -0.0, 0.0, 0.0, 0.0], 
[10286.0, 0.06548428535461426, 1.0, 0.0, -0.0, 0.0, 0.0, 0.0], 
[10309.0, 0.06548428535461426, 1.0, 0.0, -0.0, 0.0, 0.0, 0.0], 
[10332.0, 0.06548428535461426, 1.0, 0.0, -0.0, 0.0, 0.0, 0.0], 
[10355.0, 0.06548428535461426, 1.0, 0.0, -0.0, 0.0, 0.0, 0.0], 
[10377.0, 0.06548428535461426, 1.0, 0.0, -0.0, 0.0, 0.0, 0.0], 
[10409.0, 0.06548428535461426, 1.0, 0.0, -0.0, 0.0, 0.0, 0.0], 
[10431.0, 0.06548428535461426, 1.0, 0.0, -0.0, 0.0, 0.0, 0.0], 
[10464.0, 0.06548428535461426, 1.0, 0.0, -0.0, 0.0, 0.0, 0.0], 
[10486.0, 0.06548428535461426, 1.0, 0.0, -0.0, 0.0, 0.0, 0.0], 
[10511.0, 0.06548428535461426, 1.0, 0.0, -0.0, 0.0, 0.0, 0.0], 
[10533.0, 0.06548428535461426, 1.0, 0.0, -0.0, 0.0, 0.0, 0.0], 
[10565.0, 0.06548428535461426, 1.0, 0.0, -0.0, 0.0, 0.0, 0.0], 
[10596.0, 0.06548428535461426, 1.0, 0.0, -0.0, 0.0, 0.0, 0.0], 
[10625.0, 0.06548428535461426, 1.0, 0.0, -0.0, 0.0, 0.0, 0.0], 
[10647.0, 0.06548428535461426, 1.0, 0.0, -0.0, 0.0, 0.0, 0.0], 
[10671.0, 0.07382816821336746, 1.0, 0.0, -0.0, 0.0, 0.0, 0.0], 
[10699.0, 0.07382816821336746, 1.0, 0.0, -0.0, 0.0, 0.0, 0.0], 
[10727.0, 0.07382816821336746, 1.0, 0.0, -0.0, 0.0, 0.0, 0.0], 
[10752.0, 0.0, 1.0, 0.0, -0.0, 0.0, 0.0, 0.0], 
[10786.0, 0.0, 0.2657376527786255, 0.0, -0.0, 0.0, 0.0, 0.0], 
[10813.0, 0.0, 0.2657376527786255, 0.0, -0.0, 0.0, 0.0, 0.0], 
[10838.0, 0.0, -0.3158334493637085, 0.0, -0.0, 0.0, 0.0, 0.0], 
[10863.0, 0.0, -0.9165935516357422, 0.0, -0.0, 0.0, 0.0, 0.0], 
[10899.0, 0.0, -0.9165935516357422, 0.0, -0.0, 0.0, 0.0, 0.0], 
[10928.0, -0.04048508033156395, -1.0, 0.0, -0.0, 0.0, 0.0, 0.0], 
[10953.0, -0.10723619163036346, -1.0, 0.0, -0.0, 0.0, 0.0, 0.0], 
[10973.0, -0.10723619163036346, -1.0, 0.0, -0.0, 0.0, 0.0, 0.0], 
[10993.0, -0.11558008193969727, -1.0, 0.0, -0.0, 0.0, 0.0, 0.0], 
[11014.0, -0.11558008193969727, -1.0, 0.0, -0.0, 0.0, 0.0, 0.0], 
[11032.0, -0.11558008193969727, -1.0, 0.0, -0.0, 0.0, 0.0, 0.0], 
[11051.0, -0.11558008193969727, -1.0, 0.0, -0.0, 0.0, 0.0, 0.0], 
[11073.0, -0.11558008193969727, -1.0, 0.0, -0.0, 0.0, 0.0, 0.0], 
[11093.0, -0.11558008193969727, -1.0, 0.0, -0.0, 0.0, 0.0, 0.0], 
[11114.0, -0.13226787745952606, -1.0, 0.0, -0.0, 0.0, 0.0, 0.0], 
[11141.0, -0.15729954838752747, -1.0, 0.0, -0.0, 0.0, 0.0, 0.0], 
[11166.0, -0.15729954838752747, -1.0, 0.0, -0.0, 0.0, 0.0, 0.0], 
[11189.0, -0.17398732900619507, -1.0, 0.0, -0.0, 0.0, 0.0, 0.0], 
[11214.0, -0.17398732900619507, -1.0, 0.0, -0.0, 0.0, 0.0, 0.0], 
[11236.0, -0.19901899993419647, -1.0, 0.0, -0.0, 0.0, 0.0, 0.0], 
[11268.0, -0.19901899993419647, -1.0, 0.0, -0.0, 0.0, 0.0, 0.0], 
[11295.0, -0.19901899993419647, -1.0, 0.0, -0.0, 0.0, 0.0, 0.0], 
[11319.0, -0.19901899993419647, -1.0, 0.0, -0.0, 0.0, 0.0, 0.0], 
[11341.0, -0.19901899993419647, -1.0, 0.0, -0.0, 0.0, 0.0, 0.0], 
[11361.0, -0.19901899993419647, -1.0, 0.0, -0.0, 0.0, 0.0, 0.0], 
[11380.0, -0.19901899993419647, -1.0, 0.0, -0.0, 0.0, 0.0, 0.0], 
[11404.0, -0.20736287534236908, -1.0, 0.0, -0.0, 0.0, 0.0, 0.0], 
[11443.0, -0.20736287534236908, -1.0, 0.0, -0.0, 0.0, 0.0, 0.0], 
[11473.0, -0.20736287534236908, -1.0, 0.0, -0.0, 0.0, 0.0, 0.0], 
[11497.0, -0.20736287534236908, -1.0, 0.0, -0.0, 0.0, 0.0, 0.0], 
[11526.0, -0.20736287534236908, -1.0, 0.0, -0.0, 0.0, 0.0, 0.0], 
[11551.0, -0.20736287534236908, -1.0, 0.0, -0.0, 0.0, 0.0, 0.0], 
[11583.0, -0.20736287534236908, -1.0, 0.0, -0.0, 0.0, 0.0, 0.0], 
[11606.0, -0.20736287534236908, -1.0, 0.0, -0.0, 0.0, 0.0, 0.0], 
[11626.0, -0.20736287534236908, -1.0, 0.0, -0.0, 0.0, 0.0, 0.0], 
[11646.0, -0.20736287534236908, -1.0, 0.0, -0.0, 0.0, 0.0, 0.0], 
[11670.0, -0.20736287534236908, -1.0, 0.0, -0.0, 0.0, 0.0, 0.0], 
[11692.0, -0.20736287534236908, -1.0, 0.0, -0.0, 0.0, 0.0, 0.0], 
[11714.0, -0.20736287534236908, -1.0, 0.0, -0.0, 0.0, 0.0, 0.0], 
[11737.0, -0.20736287534236908, -1.0, 0.0, -0.0, 0.0, 0.0, 0.0], 
[11759.0, -0.20736287534236908, -1.0, 0.0, -0.0, 0.0, 0.0, 0.0], 
[11789.0, -0.20736287534236908, -1.0, 0.0, -0.0, 0.0, 0.0, 0.0], 
[11823.0, -0.20736287534236908, -1.0, 0.0, -0.0, 0.0, 0.0, 0.0], 
[11848.0, -0.20736287534236908, -1.0, 0.0, -0.0, 0.0, 0.0, 0.0], 
[11872.0, -0.20736287534236908, -1.0, -0.09889230877161026, -0.0, 0.0, 0.0, 0.0], 
[11900.0, -0.20736287534236908, -1.0, -0.09889230877161026, -0.0, 0.0, 0.0, 0.0], 
[11924.0, -0.02379729226231575, -0.5160868167877197, -0.18233121931552887, -0.0, 0.0, 0.0, 0.0], 
[11960.0, 0.0, -0.0, -0.04048508033156395, -0.0, 0.0, 0.0, 0.0], 
[11989.0, 0.0, -0.0, 0.0, -0.0, 0.0, 0.0, 0.0], 
[12015.0, 0.0, -0.0, 0.0, -0.0, 0.0, 0.0, 0.0], 
[12045.0, 0.0, -0.0, 0.0, -0.0, 0.0, 0.0, 0.0], 
[12068.0, 0.0, -0.0, 0.0, -0.0, 0.0, 0.0, 0.0], 
[12094.0, 0.0, -0.0, 0.0, -0.0, 0.0, 0.0, 0.0], 
[12113.0, 0.0, -0.0, 0.0, -0.0, 0.0, 0.0, 0.0], 
[12133.0, 0.0, -0.0, 0.0, -0.0, 0.0, 0.0, 0.0], 
[12155.0, 0.0, -0.0, 0.0, -0.0, 0.0, 0.0, 0.0], 
[12178.0, 0.0, -0.0, 0.0, -0.0, 0.0, 0.0, 0.0], 
[12201.0, 0.0, -0.0, 0.0, -0.0, 0.0, 0.0, 0.0], 
[12225.0, 0.0, -0.0, 0.0, -0.0, 0.0, 0.0, 0.0], 
[12252.0, 0.0, -0.0, 0.0, -0.0, 0.0, 0.0, 0.0], 
[12278.0, 0.0, -0.0, 0.0, -0.0, 0.0, 0.0, 0.0], 
[12306.0, -0.2657701075077057, -0.0, 0.0, -0.0, 0.0, 0.0, 0.0], 
[12342.0, -0.7830913662910461, -0.0, 0.0, -0.0, 0.0, 0.0, 0.0], 
[12372.0, -0.7830913662910461, -0.0, 0.0, -0.0, 0.0, 0.0, 0.0], 
[12393.0, -1.0, -0.0, 0.0, -0.0, 0.0, 0.0, 0.0], 
[12422.0, -1.0, -0.0, 0.0, -0.0, 0.0, 0.0, 0.0], 
[12446.0, -1.0, -0.0, 0.0, -0.0, 0.0, 0.0, 0.0], 
[12476.0, -0.5911818146705627, -0.0, 0.0, -0.0, 0.0, 0.0, 0.0], 
[12506.0, 0.0, -0.0, 0.0, -0.0, 0.0, 0.0, 0.0], 
[12532.0, 0.0, -0.0, 0.0, -0.0, 0.0, 0.0, 0.0], 
[12552.0, 0.0, -0.0, 0.0, -0.0, 0.0, 0.0, 0.0], 
[12585.0, 0.0, -0.0, 0.0, -0.0, 0.0, 0.0, 0.0], 
[12608.0, 0.0, -0.0, 0.0, -0.0, 0.0, 0.0, 0.0], 
[12635.0, 0.0, -0.0, 0.0, -0.0, 0.0, 0.0, 0.0], 
[12659.0, 0.3742082417011261, -0.0, 0.0, -0.0, 0.0, 0.0, 0.0], 
[12687.0, 0.3742082417011261, -0.0, 0.0, -0.0, 0.0, 0.0, 0.0], 
[12709.0, 0.9499366879463196, -0.0, 0.0, -0.0, 0.0, 0.0, 0.0], 
[12740.0, 1.0, -0.0, 0.0, -0.0, 0.0, 0.0, 0.0], 
[12770.0, 1.0, -0.0, 0.0, -0.0, 0.0, 0.0, 0.0], 
[12794.0, 1.0, -0.0, 0.0, -0.0, 0.0, 0.0, 0.0], 
[12820.0, 1.0, -0.0, 0.0, -0.0, 0.0, 0.0, 0.0], 
[12864.0, 1.0, -0.0, 0.0, -0.0, 0.0, 0.0, 0.0], 
[12889.0, 1.0, -0.0, 0.0, -0.0, 0.0, 0.0, 0.0], 
[12911.0, 1.0, -0.0, 0.0, -0.0, 0.0, 0.0, 0.0], 
[12933.0, 1.0, -0.0, 0.0, -0.0, 0.0, 0.0, 0.0], 
[12959.0, 1.0, -0.0, 0.0, -0.0, 0.0, 0.0, 0.0], 
[12995.0, 1.0, -0.0, 0.0, -0.0, 0.0, 0.0, 0.0], 
[13017.0, 1.0, -0.0, 0.0, -0.0, 0.0, 0.0, 0.0], 
[13040.0, 1.0, -0.0, 0.0, -0.0, 0.0, 0.0, 0.0], 
[13062.0, 1.0, -0.0, 0.0, -0.0, 0.0, 0.0, 0.0], 
[13083.0, 1.0, -0.0, 0.0, -0.0, 0.0, 0.0, 0.0], 
[13110.0, 0.4326154589653015, -0.0, 0.0, -0.0, 0.0, 0.0, 0.0], 
[13142.0, 0.0, -0.0, 0.0, -0.0, 0.0, 0.0, 0.0], 
[13167.0, 0.0, -0.0, 0.0, -0.0, 0.0, 0.0, 0.0], 
[13191.0, 0.0, -0.0, 0.0, -0.0, 0.0, 0.0, 0.0], 
[13213.0, 0.0, -0.0, 0.0, -0.0, 0.0, 0.0, 0.0], 
[13236.0, 0.0, -0.2824578881263733, 0.0, -0.0, 0.0, 0.0, 0.0], 
[13262.0, 0.0, -0.883217990398407, 0.0, -0.0, 0.0, 0.0, 0.0], 
[13292.0, 0.0, -0.883217990398407, 0.0, -0.0, 0.0, 0.0, 0.0], 
[13315.0, 0.0, -1.0, 0.0, -0.0, 0.0, 0.0, 0.0], 
[13355.0, 0.0, -1.0, 0.0, -0.0, 0.0, 0.0, 0.0], 
[13390.0, 0.0, -1.0, 0.0, -0.0, 0.0, 0.0, 0.0], 
[13409.0, 0.0, -1.0, 0.0, -0.0, 0.0, 0.0, 0.0], 
[13429.0, 0.0, -1.0, 0.0, -0.0, 0.0, 0.0, 0.0], 
[13449.0, 0.0, -1.0, 0.0, -0.0, 0.0, 0.0, 0.0], 
[13475.0, 0.0, -1.0, 0.0, -0.0, 0.0, 0.0, 0.0], 
[13504.0, 0.0, -1.0, 0.0, -0.0, 0.0, 0.0, 0.0], 
[13525.0, 0.0, -1.0, 0.0, -0.0, 0.0, 0.0, 0.0], 
[13548.0, 0.0, -1.0, 0.0, -0.0, 0.0, 0.0, 0.0], 
[13570.0, 0.0, -1.0, 0.0, -0.0, 0.0, 0.0, 0.0], 
[13597.0, 0.0, -1.0, 0.0, -0.0, 0.0, 0.0, 0.0], 
[13623.0, 0.0, -1.0, 0.0, -0.0, 0.0, 0.0, 0.0], 
[13652.0, 0.0, -1.0, 0.0, -0.0, 0.0, 0.0, 0.0], 
[13675.0, 0.0, -1.0, 0.0, -0.0, 0.0, 0.0, 0.0], 
[13699.0, 0.0, -1.0, 0.0, -0.0, 0.0, 0.0, 0.0], 
[13721.0, 0.0, -1.0, 0.0, -0.0, 0.0, 0.0, 0.0], 
[13744.0, 0.0, -0.9249374866485596, 0.0, -0.0, 0.0, 0.0, 0.0], 
[13780.0, 0.0, -0.9249374866485596, 0.0, -0.0, 0.0, 0.0, 0.0], 
[13802.0, 0.0, -0.19067510962486267, 0.0, -0.0, 0.0, 0.0, 0.0], 
[13833.0, 0.0, -0.0, 0.0, -0.0, 0.0, 0.0, 0.0], 
[13866.0, 0.0, -0.0, 0.0, -0.0, 0.0, 0.0, 0.0], 
[13887.0, 0.0, -0.0, 0.0, -0.0, 0.0, 0.0, 0.0], 
[13914.0, 0.0, -0.0, 0.0, -0.0, 0.0, 0.0, 0.0], 
[13934.0, 0.0, -0.0, 0.0, -0.0, 0.0, 0.0, 0.0], 
[13958.0, -0.5661501288414001, -0.0, 0.0, -0.0, 0.0, 0.0, 0.0], 
[13985.0, -0.9833446741104126, -0.0, 0.0, -0.0, 0.0, 0.0, 0.0], 
[14018.0, -1.0, -0.0, 0.0, -0.0, 0.0, 0.0, 0.0], 
[14042.0, -1.0, -0.0, 0.0, -0.0, 0.0, 0.0, 0.0], 
[14062.0, -1.0, -0.0, 0.0, -0.0, 0.0, 0.0, 0.0], 
[14082.0, -1.0, -0.0, 0.0, -0.0, 0.0, 0.0, 0.0], 
[14103.0, -1.0, -0.0, 0.0, -0.0, 0.0, 0.0, 0.0], 
[14122.0, -1.0, -0.0, 0.0, -0.0, 0.0, 0.0, 0.0], 
[14141.0, -1.0, -0.0, 0.0, -0.0, 0.0, 0.0, 0.0], 
[14161.0, -1.0, -0.0, 0.0, -0.0, 0.0, 0.0, 0.0], 
[14185.0, -1.0, -0.0, 0.0, -0.0, 0.0, 0.0, 0.0], 
[14206.0, -1.0, -0.0, 0.0, -0.0, 0.0, 0.0, 0.0], 
[14225.0, -1.0, -0.0, 0.0, -0.0, 0.0, 0.0, 0.0], 
[14245.0, -1.0, -0.0, 0.0, -0.0, 0.0, 0.0, 0.0], 
[14268.0, -1.0, -0.0, 0.0, -0.0, 0.0, 0.0, 0.0], 
[14289.0, -1.0, -0.0, 0.0, -0.0, 0.0, 0.0, 0.0], 
[14317.0, -1.0, -0.0, 0.0, -0.0, 0.0, 0.0, 0.0], 
[14342.0, -1.0, -0.0, 0.0, -0.0, 0.0, 0.0, 0.0], 
[14364.0, -1.0, -0.0, 0.0, -0.0, 0.0, 0.0, 0.0], 
[14384.0, -1.0, -0.0, 0.0, -0.0, 0.0, 0.0, 0.0], 
[14405.0, -1.0, -0.0, 0.0, -0.0, 0.0, 0.0, 0.0], 
[14430.0, -0.3074895441532135, -0.0, 0.0, -0.0, 0.0, 0.0, 0.0], 
[14467.0, 0.0, -0.0, 0.0, -0.0, 0.0, 0.0, 0.0], 
[14498.0, 0.0, -0.0, 0.0, -0.0, 0.0, 0.0, 0.0], 
[14527.0, 0.0, -0.0, 0.0, -0.0, 0.0, 0.0, 0.0], 
[14548.0, 0.0, -0.0, 0.0, -0.0, 0.0, 0.0, 0.0], 
[14567.0, 0.0, -0.0, 0.0, -0.0, 0.0, 0.0, 0.0], 
[14586.0, 0.0, -0.0, 0.0, -0.0, 0.0, 0.0, 0.0], 
[14608.0, 0.0, -0.0, 0.0, -0.0, 0.0, 0.0, 0.0], 
[14632.0, 0.0, -0.0, 0.0, -0.0, 0.0, 0.0, 0.0], 
[14652.0, 0.0, -0.0, 0.0, -0.0, 0.0, 0.0, 0.0], 
[14673.0, 0.0, -0.0, 0.0, -0.0, 0.0, 0.0, 0.0], 
[14693.0, 0.0, -0.0, 0.0, -0.0, 0.0, 0.0, 0.0], 
[14713.0, 0.0, -0.0, 0.0, -0.0, 0.0, 0.0, 0.0], 
[14736.0, 0.0, -0.0, 0.0, -0.0, 0.0, 0.0, 0.0], 
[14755.0, 0.0, -0.0, 0.0, -0.0, 0.0, 0.0, 0.0], 
[14776.0, 0.0, -0.0, 0.0, -0.0, 0.0, 0.0, 0.0], 
[14795.0, 0.0, -0.0, 0.0, -0.0, 0.0, 0.0, 0.0], 
[14814.0, 0.0, -0.0, 0.0, -0.0, 0.0, 0.0, 0.0], 
[14835.0, 0.0, -0.0, 0.0, -0.0, 0.0, 0.0, 0.0], 
[14859.0, 0.0, -0.0, 0.0, -0.0, 0.0, 0.0, 0.0], 
[14882.0, 0.0, 0.10720372945070267, 0.0, -0.0, 0.0, 0.0, 0.0], 
[14908.0, 0.0, 0.2657376527786255, 0.0, -0.0, 0.0, 0.0, 0.0], 
[14937.0, 0.0, 0.2657376527786255, 0.0, -0.0, 0.0, 0.0, 0.0], 
[14958.0, 0.0, 0.2991132140159607, 0.0, -0.0, 0.0, 0.0, 0.0], 
[15000.0, 0.0, 0.2991132140159607, 0.0, -0.0, 0.0, 0.0, 0.0], 
[15039.0, 0.0, 0.3158009648323059, 0.0, -0.0, 0.0, 0.0, 0.0], 
[15069.0, 0.0, 0.3491765558719635, 0.0, -0.0, 0.0, 0.0, 0.0], 
[15098.0, 0.0, 0.3491765558719635, 0.0, -0.0, 0.0, 0.0, 0.0], 
[15121.0, 0.0, 0.5243982672691345, 0.0, -0.0, 0.0, 0.0, 0.0], 
[15152.0, 0.0, 0.8581538796424866, 0.0, -0.0, 0.0, 0.0, 0.0], 
[15182.0, 0.0, 0.8581538796424866, 0.0, -0.0, 0.0, 0.0, 0.0], 
[15205.0, 0.0, 0.9582805633544922, 0.0, -0.0, 0.0, 0.0, 0.0], 
[15234.0, 0.0, 0.9582805633544922, 0.0, -0.0, 0.0, 0.0, 0.0], 
[15264.0, 0.0, 0.9582805633544922, 0.0, -0.0, 0.0, 0.0, 0.0], 
[15287.0, 0.0, 0.9582805633544922, 0.0, -0.0, 0.0, 0.0, 0.0], 
[15311.0, 0.0, 0.9582805633544922, 0.0, -0.0, 0.0, 0.0, 0.0], 
[15334.0, 0.0, 0.9582805633544922, 0.0, -0.0, 0.0, 0.0, 0.0], 
[15360.0, 0.0, 0.9582805633544922, 0.0, -0.0, 0.0, 0.0, 0.0], 
[15383.0, 0.0, 0.9582805633544922, 0.0, -0.0, 0.0, 0.0, 0.0], 
[15404.0, 0.0, 0.9582805633544922, 0.0, -0.0, 0.0, 0.0, 0.0], 
[15425.0, 0.0, 0.9582805633544922, 0.0, -0.0, 0.0, 0.0, 0.0], 
[15448.0, 0.0, 0.9582805633544922, 0.0, -0.0, 0.0, 0.0, 0.0], 
[15471.0, 0.0, 0.9666244387626648, 0.0, -0.0, 0.0, 0.0, 0.0], 
[15508.0, 0.0, 0.9666244387626648, 0.0, -0.0, 0.0, 0.0, 0.0], 
[15549.0, 0.0, 0.9666244387626648, 0.0, -0.0, 0.0, 0.0, 0.0], 
[15572.0, 0.0, 0.9666244387626648, 0.0, -0.0, 0.0, 0.0, 0.0], 
[15595.0, 0.0, 0.9916561245918274, 0.0, -0.0, 0.0, 0.0, 0.0], 
[15627.0, 0.0, 1.0, 0.0, -0.0, 0.0, 0.0, 0.0], 
[15655.0, 0.0, 1.0, 0.0, -0.0, 0.0, 0.0, 0.0], 
[15675.0, 0.0, 1.0, 0.0, -0.0, 0.0, 0.0, 0.0], 
[15698.0, 0.0, 1.0, 0.0, -0.0, 0.0, 0.0, 0.0], 
[15720.0, 0.0, 1.0, 0.0, -0.0, 0.0, 0.0, 0.0], 
[15744.0, 0.0, 1.0, 0.0, -0.0, 0.0, 0.0, 0.0], 
[15766.0, 0.0, 1.0, 0.0, -0.0, 0.0, 0.0, 0.0], 
[15788.0, 0.0, 1.0, 0.0, -0.0, 0.0, 0.0, 0.0], 
[15817.0, 0.0, 1.0, 0.0, -0.0, 0.0, 0.0, 0.0], 
[15840.0, 0.0, 1.0, 0.0, -0.0, 0.0, 0.0, 0.0], 
[15860.0, 0.0, 1.0, 0.0, -0.0, 0.0, 0.0, 0.0], 
[15881.0, 0.0, 1.0, 0.0, -0.0, 0.0, 0.0, 0.0], 
[15903.0, 0.0, 1.0, 0.0, -0.0, 0.0, 0.0, 0.0], 
[15924.0, 0.0, 1.0, 0.0, -0.0, 0.0, 0.0, 0.0], 
[15944.0, 0.0, 1.0, 0.0, -0.0, 0.0, 0.0, 0.0], 
[15968.0, 0.0, 1.0, 0.0, -0.0, 0.0, 0.0, 0.0], 
[15988.0, 0.0, 1.0, 0.0, -0.0, 0.0, 0.0, 0.0], 
[16008.0, 0.0, 1.0, 0.0, -0.0, 0.0, 0.0, 0.0], 
[16030.0, 0.0, 1.0, 0.0, -0.0, 0.0, 0.0, 0.0], 
[16078.0, 0.0, 1.0, 0.0, -0.0, 0.0, 0.0, 0.0], 
[16105.0, 0.0, 1.0, 0.0, -0.0, 0.0, 0.0, 0.0], 
[16131.0, 0.0, 1.0, 0.0, -0.0, 0.0, 0.0, 0.0], 
[16169.0, 0.0, 1.0, 0.0, -0.0, 0.0, 0.0, 0.0], 
[16192.0, 0.0, 1.0, 0.0, -0.0, 0.0, 0.0, 0.0], 
[16215.0, 0.0, 1.0, 0.0, -0.0, 0.0, 0.0, 0.0], 
[16238.0, 0.0, 1.0, 0.0, -0.0, 0.0, 0.0, 0.0], 
[16263.0, 0.0, 1.0, 0.0, -0.0, 0.0, 0.0, 0.0], 
[16285.0, 0.0, 1.0, 0.0, -0.0, 0.0, 0.0, 0.0], 
[16309.0, 0.0, 1.0, 0.0, -0.0, 0.0, 0.0, 0.0], 
[16338.0, 0.0, 1.0, 0.0, -0.0, 0.0, 0.0, 0.0], 
[16357.0, 0.0, 1.0, 0.0, -0.0, 0.0, 0.0, 0.0], 
[16377.0, 0.0, 1.0, 0.0, -0.0, 0.0, 0.0, 0.0], 
[16398.0, 0.0, 1.0, 0.0, -0.0, 0.0, 0.0, 0.0], 
[16417.0, 0.0, 1.0, 0.0, -0.0, 0.0, 0.0, 0.0], 
[16436.0, 0.0, 1.0, 0.0, -0.0, 0.0, 0.0, 0.0], 
[16457.0, 0.0, 1.0, 0.0, -0.0, 0.0, 0.0, 0.0], 
[16480.0, 0.0, 1.0, 0.0, -0.0, 0.0, 0.0, 0.0], 
[16499.0, 0.0, 1.0, 0.0, -0.0, 0.0, 0.0, 0.0], 
[16519.0, 0.0, 1.0, 0.0, -0.0, 0.0, 0.0, 0.0], 
[16538.0, 0.0, 0.5744615793228149, 0.0, -0.0, 0.0, 0.0, 0.0], 
[16574.0, 0.0, 0.5744615793228149, 0.0, -0.0, 0.0, 0.0, 0.0], 
[16600.0, 0.0, 0.023764828220009804, 0.0, -0.0, 0.0, 0.0, 0.0], 
[16626.0, 0.0, -0.0, 0.0, -0.0, 0.0, 0.0, 0.0], 
[16653.0, 0.0, -0.0, 0.0, -0.0, 0.0, 0.0, 0.0], 
[16673.0, 0.0, -0.0, 0.0, -0.0, 0.0, 0.0, 0.0], 
[16691.0, 0.0, -0.0, 0.0, -0.0, 0.0, 0.0, 0.0], 
[16711.0, 0.0, -0.0, 0.0, -0.0, 0.0, 0.0, 0.0], 
[16730.0, 0.0, -0.0, 0.0, -0.0, 0.0, 0.0, 0.0], 
[16750.0, 0.0, -0.0, 0.0, -0.0, 0.0, 0.0, 0.0], 
[16770.0, 0.0, -0.0, 0.0, -0.0, 0.0, 0.0, 0.0], 
[16793.0, 0.0, -0.0, 0.0, -0.0, 0.0, 0.0, 0.0], 
[16815.0, 0.0, -0.0, 0.0, -0.0, 0.0, 0.0, 0.0], 
[16838.0, 0.0, -0.0, 0.0, -0.0, 0.0, 0.0, 0.0], 
[16867.0, 0.0, -0.0, 0.0, -0.0, 0.0, 0.0, 0.0], 
[16894.0, 0.0, -0.0, 0.0, -0.0, 0.0, 0.0, 0.0], 
[16918.0, 0.0, -0.0, 0.0, -0.0, 0.0, 0.0, 0.0], 
[16942.0, 0.0, -0.0, 0.0, -0.0, 0.0, 0.0, 0.0], 
[16965.0, 0.0, -0.0, 0.0, -0.0, 0.0, 0.0, 0.0], 
[16992.0, 0.0, -0.0, 0.0, -0.0, 0.0, 0.0, 0.0], 
[17014.0, 0.0, -0.0, 0.0, -0.0, 0.0, 0.0, 0.0], 
[17037.0, 0.0, -0.0, 0.0, -0.0, 0.0, 0.0, 0.0], 
[17062.0, 0.0, -0.0, 0.0, -0.0, 0.0, 0.0, 0.0], 
[17100.0, 0.0, -0.0, 0.0, -0.0, 0.0, 0.0, 0.0], 
[17129.0, 0.0, -0.0, 0.0, -0.0, 0.0, 0.0, 0.0], 
[17170.0, 0.0, -0.0, 0.0, -0.0, 0.0, 0.0, 0.0], 
[17194.0, 0.0, -0.0, 0.0, -0.0, 0.0, 0.0, 0.0], 
[17217.0, 0.0, -0.0, 0.0, -0.0, 0.0, 0.0, 0.0], 
[17239.0, 0.0, -0.0, 0.0, -0.0, 0.0, 0.0, 0.0], 
[17260.0, 0.0, -0.0, 0.0, -0.0, 0.0, 0.0, 0.0], 
[17280.0, 0.0, -0.0, 0.0, -0.0, 0.0, 0.0, 0.0], 
[17302.0, 0.0, -0.0, 0.0, -0.0, 0.0, 0.0, 0.0], 
[17323.0, 0.0, -0.0, 0.0, -0.0, 0.0, 0.0, 0.0], 
[17344.0, 0.0, -0.0, 0.0, -0.0, 0.0, 0.0, 0.0], 
[17364.0, 0.0, -0.0, 0.0, -0.0, 0.0, 0.0, 0.0], 
[17388.0, 0.0, -0.0, 0.0, -0.0, 0.0, 0.0, 0.0], 
[17408.0, 0.0, -0.0, 0.0, -0.0, 0.0, 0.0, 0.0], 
[17431.0, 0.0, -0.0, 0.0, -0.0, 0.0, 0.0, 0.0], 
[17451.0, 0.0, -0.0, 0.0, -0.0, 0.0, 0.0, 0.0], 
[17474.0, 0.0, -0.0, 0.0, -0.0, 0.0, 0.0, 0.0], 
[17501.0, 0.0, -0.0, 0.0, -0.0, 0.0, 0.0, 0.0], 
[17524.0, 0.0, -0.0, 0.0, -0.0, 0.0, 0.0, 0.0], 
[17547.0, 0.0, -0.0, 0.0, -0.0, 0.0, 0.0, 0.0], 
[17569.0, 0.0, -0.0, 0.0, -0.0, 0.0, 0.0, 0.0], 
[17608.0, 0.0, -0.0, 0.0, -0.0, 0.0, 0.0, 0.0], 
[17632.0, 0.0, -0.0, 0.0, -0.0, 0.0, 0.0, 0.0], 
[17679.0, 0.0, -0.0, 0.0, -0.0, 0.0, 0.0, 0.0], 
[17701.0, 0.0, -0.0, 0.0, -0.0, 0.0, 0.0, 0.0], 
[17724.0, 0.0, -0.0, 0.0, -0.0, 0.0, 0.0, 0.0], 
[17746.0, 0.0, -0.0, 0.0, -0.0, 0.0, 0.0, 0.0], 
[17768.0, 0.0, -0.0, 0.0, -0.0, 0.0, 0.0, 0.0], 
[17792.0, 0.0, -0.0, 0.0, -0.0, 0.0, 0.0, 0.0], 
[17815.0, 0.0, -0.0, 0.0, -0.0, 0.0, 0.0, 0