[0.0, 0.0, 0.0, 0.0, 0.0, 0.0, 0.0, 0.0], 
[21.0, 0.0, -0.0, 0.0, -0.0, 0.0, 0.0, 0.0], 
[72.0, 0.0, -0.0, 0.0, -0.0, 0.0, 0.0, 0.0], 
[95.0, 0.0, -0.0, 0.0, -0.0, 0.0, 0.0, 0.0], 
[118.0, 0.0, -0.0, 0.0, -0.0, 0.0, 0.0, 0.0], 
[140.0, 0.0, -0.0, 0.0, -0.0, 0.0, 0.0, 0.0], 
[173.0, 0.0, -0.0, 0.0, -0.0, 0.0, 0.0, 0.0], 
[198.0, 0.0, 0.7163076996803284, 0.0, -0.0, 0.0, 0.0, 0.0], 
[223.0, 0.0, 1.0, 0.0, 0.023764828220009804, 0.0, 0.0, 0.0], 
[276.0, 0.0, 1.0, 0.0, 0.8080905675888062, 0.0, 0.0, 0.0], 
[310.0, 0.0, 1.0, 0.0, 1.0, 0.0, 0.0, 0.0], 
[344.0, 0.0, 1.0, 0.0, 1.0, 0.0, 0.0, 0.0], 
[378.0, 0.0, 1.0, 0.0, 1.0, 0.0, 0.0, 0.0], 
[419.0, 0.0, 1.0, 0.0, 1.0, 0.0, 0.0, 0.0], 
[450.0, -0.07386063784360886, 1.0, 0.0, 1.0, 0.0, 0.0, 0.0], 
[484.0, -0.08220452815294266, 1.0, 0.0, 1.0, 0.0, 0.0, 0.0], 
[520.0, -0.08220452815294266, 1.0, 0.0, 1.0, 0.0, 0.0, 0.0], 
[555.0, -0.09889230877161026, 1.0, 0.0, 1.0, 0.0, 0.0, 0.0], 
[611.0, -0.20736287534236908, 1.0, 0.0, 1.0, 0.0, 0.0, 0.0], 
[649.0, -0.3408651351928711, 1.0, 0.0, 1.0, 0.0, 0.0, 0.0], 
[690.0, -0.4993990361690521, 1.0, 0.0, 1.0, 0.0, 0.0, 0.0], 
[730.0, -0.6329012513160706, 0.849810004234314, 0.0, 1.0, 0.0, 0.0, 0.0], 
[783.0, -0.8498424291610718, 0.6412127017974854, 0.0, 1.0, 0.0, 0.0, 0.0], 
[826.0, -0.9165935516357422, 0.5243982672691345, 0.0, 1.0, 0.0, 0.0, 0.0], 
[864.0, -0.9666569232940674, 0.4242715835571289, 0.0, 1.0, 0.0, 0.0, 0.0], 
[904.0, -1.0, 0.2907693088054657, 0.0, 1.0, 0.0, 0.0, 0.0], 
[949.0, -1.0, 0.05714039131999016, 0.0, 1.0, 0.0, 0.0, 0.0], 
[988.0, -0.824810802936554, -0.0, 0.0, 1.0, 0.0, 0.0, 0.0], 
[1032.0, -0.02379729226231575, -0.0, 0.0, 1.0, 0.0, 0.0, 0.0], 
[1072.0, 0.0, -0.0, 0.0, 1.0, 0.0, 0.0, 0.0], 
[1136.0, 0.0, -0.0, 0.0, 1.0, 0.0, 0.0, 0.0], 
[1169.0, 0.0, -0.0, 0.0, 1.0, 0.0, 0.0, 0.0], 
[1201.0, 0.0, -0.0, 0.0, 1.0, 0.0, 0.0, 0.0], 
[1234.0, 0.0, -0.0, 0.0, 1.0, 0.0, 0.0, 0.0], 
[1269.0, 0.0, -0.0, 0.0, 1.0, 0.0, 0.0, 0.0], 
[1315.0, 0.0, -0.0, 0.0, 1.0, 0.0, 0.0, 0.0], 
[1350.0, 0.0, -0.0, 0.0, 1.0, 0.0, 0.0, 0.0], 
[1385.0, 0.0, -0.0, 0.0, 1.0, 0.0, 0.0, 0.0], 
[1428.0, 0.0, -0.0, 0.0, 1.0, 0.0, 0.0, 0.0], 
[1461.0, 0.0, -0.0, 0.0, 1.0, -0.032108716666698456, 0.0, 0.0], 
[1494.0, 0.0, -0.0, 0.0, 1.0, -0.032108716666698456, 0.0, 0.0], 
[1526.0, 0.0, -0.0, 0.0, 1.0, -0.2740815281867981, 0.0, 0.0], 
[1560.0, 0.0, -0.0, 0.0, 1.0, -0.4993665814399719, 0.0, 0.0], 
[1592.0, 0.0, -0.0, 0.0, 1.0, -0.666244387626648, 0.0, 0.0], 
[1645.0, 0.0, -0.0, 0.0, 1.0, -0.8915294408798218, 0.0, 0.0], 
[1682.0, 0.0, -0.0, 0.0, 1.0, -1.0, 0.0, 0.0], 
[1717.0, 0.0, -0.0, 0.0, 0.849810004234314, -1.0, 0.0, 0.0], 
[1751.0, 0.0, -0.0, 0.0, 0.22401820123195648, -1.0, 0.0, 0.0], 
[1782.0, 0.0, -0.0, 0.0, 0.22401820123195648, -1.0, 0.0, 0.0], 
[1822.0, 0.0, -0.0, 0.0, -0.0, -1.0, 0.0, 0.0], 
[1845.0, 0.0, -0.0, 0.0, -0.0, -1.0, 0.0, 0.0], 
[1868.0, 0.0, -0.0, 0.0, -0.0, -1.0, 0.0, 0.0], 
[1894.0, 0.0, -0.0, 0.0, -0.0, -1.0, 0.0, 0.0], 
[1918.0, 0.0, -0.0, 0.0, -0.0, -1.0, 0.0, 0.0], 
[1950.0, 0.0, -0.0, 0.0, -0.0, -1.0, 0.0, 0.0], 
[1971.0, 0.0, -0.0, 0.0, -0.0, -1.0, 0.0, 0.0], 
[1991.0, 0.0, -0.0, 0.0, -0.0, -1.0, 0.0, 0.0], 
[2013.0, 0.0, -0.0, 0.0, -0.0, -1.0, 0.0, 0.0], 
[2038.0, 0.0, -0.0, 0.0, -0.0, -1.0, 0.0, 0.0], 
[2065.0, 0.0, -0.0, 0.0, -0.0, -1.0, 0.0, 0.0], 
[2088.0, 0.0, -0.0, 0.0, -0.0, -1.0, 0.0, 0.0], 
[2112.0, 0.0, -0.0, 0.0, -0.0, -1.0, 0.0, 0.0], 
[2157.0, 0.0, -0.0, 0.0, 0.015420937910676003, -1.0, 0.0, 0.0], 
[2192.0, 0.0, -0.0, 0.0, 0.5160543322563171, -1.0, 0.0, 0.0], 
[2230.0, 0.0, -0.0, 0.0, 0.9582805633544922, -1.0, 0.0, 0.0], 
[2257.0, 0.0, -0.0, 0.0, 0.9582805633544922, -1.0, 0.0, 0.0], 
[2287.0, 0.0, -0.0, 0.0, 1.0, -0.8080905675888062, 0.0, 0.0], 
[2329.0, 0.0, -0.0, 0.0, 1.0, -0.4409593641757965, 0.0, 0.0], 
[2362.0, 0.0, -0.0, 0.0, 1.0, -0.040452614426612854, 0.0, 0.0], 
[2394.0, 0.0, -0.0, 0.0, 1.0, 0.0, 0.0, 0.0], 
[2428.0, 0.0, -0.0, 0.0, 1.0, 0.0, 0.0, 0.0], 
[2464.0, 0.0, -0.0, 0.0, 1.0, 0.0, 0.0, 0.0], 
[2499.0, 0.0, -0.0, 0.0, 1.0, 0.0, 0.0, 0.0], 
[2531.0, 0.0, -0.0, 0.0, 1.0, 0.0, 0.0, 0.0], 
[2569.0, 0.0, -0.0, 0.0, 1.0, 0.0, 0.0, 0.0], 
[2604.0, 0.0, -0.0, 0.0, 1.0, 0.0, 0.0, 0.0], 
[2638.0, 0.0, -0.0, 0.0, 1.0, 0.0, 0.0, 0.0], 
[2694.0, 0.0, -0.0, 0.0, 1.0, 0.0, 0.0, 0.0], 
[2728.0, 0.0, -0.0, 0.0, 1.0, 0.0, 0.0, 0.0], 
[2764.0, 0.0, -0.0, 0.0, 1.0, 0.0, 0.0, 0.0], 
[2796.0, 0.0, -0.0, 0.0, 1.0, 0.0, 0.0, 0.0], 
[2838.0, 0.0, -0.0, 0.0, 1.0, 0.0, 0.0, 0.0], 
[2870.0, 0.0, -0.0, 0.0, 1.0, 0.0, 0.0, 0.0], 
[2903.0, 0.0, -0.0, 0.0, 1.0, 0.0, 0.0, 0.0], 
[2946.0, 0.0, -0.0, 0.0, 1.0, -0.13223539292812347, 0.0, 0.0], 
[2983.0, 0.0, -0.0, 0.0, 0.6245248913764954, -0.4326154589653015, 0.0, 0.0], 
[3024.0, 0.0, -0.0, 0.0, 0.023764828220009804, -0.7914027571678162, 0.0, 0.0], 
[3058.0, 0.0, -0.0, 0.0, 0.023764828220009804, -0.7914027571678162, 0.0, 0.0], 
[3091.0, 0.0, -0.0, 0.0, -0.0, -1.0, 0.0, 0.0], 
[3113.0, 0.0, -0.0, 0.0, -0.0, -1.0, 0.0, 0.0], 
[3135.0, 0.0, -0.0, 0.0, -0.0, -1.0, 0.0, 0.0], 
[3158.0, 0.0, -0.0, 0.0, -0.0, -1.0, 0.0, 0.0], 
[3207.0, 0.0, -0.0, 0.0, -0.0, -1.0, 0.0, 0.0], 
[3226.0, 0.0, -0.0, 0.0, -0.0, -1.0, 0.0, 0.0], 
[3245.0, 0.0, -0.0, 0.0, -0.0, -1.0, 0.0, 0.0], 
[3265.0, 0.0, -0.0, 0.0, -0.0, -1.0, 0.0, 0.0], 
[3290.0, 0.0, -0.0, 0.0, -0.0, -1.0, 0.0, 0.0], 
[3311.0, 0.0, -0.0, 0.0, -0.0, -1.0, 0.0, 0.0], 
[3330.0, 0.0, -0.0, 0.0, -0.0, -1.0, 0.0, 0.0], 
[3351.0, 0.0, -0.0, 0.0, -0.0, -1.0, 0.0, 0.0], 
[3375.0, 0.0, -0.0, 0.0, -0.0, -1.0, 0.0, 0.0], 
[3401.0, 0.0, -0.0, 0.0, -0.0, -0.2657376527786255, 0.0, 0.0], 
[3427.0, 0.0, -0.0, 0.0, -0.0, 0.0, 0.0, 0.0], 
[3454.0, 0.0, -0.0, 0.0, -0.0, 0.0, 0.0, 0.0], 
[3481.0, 0.0, -0.0, 0.0, -0.0, 0.0, 0.0, 0.0], 
[3505.0, 0.0, -0.0, 0.0, -0.0, 0.0, 0.0, 0.0], 
[3528.0, 0.0, -0.0, 0.0, -0.0, 0.0, 0.0, 0.0], 
[3557.0, 0.0, -0.0, 0.0, -0.0, 0.0, 0.0, 0.0], 
[3580.0, 0.0, -0.0, 0.0, -0.0, 0.0, 0.0, 0.0], 
[3606.0, 0.0, -0.0, 0.0, -0.0, 0.0, 0.0, 0.0], 
[3628.0, 0.0, -0.0, 0.0, -0.0, 0.0, 0.0, 0.0], 
[3649.0, 0.0, -0.0, 0.0, -0.0, 0.0, 0.0, 0.0], 
[3673.0, 0.0, -0.0, 0.0, -0.0, 0.0, 0.0, 0.0], 
[3715.0, 0.0, -0.0, 0.0, -0.0, 0.0, 0.0, 0.0], 
[3738.0, 0.0, -0.0, 0.0, -0.0, 0.0, 0.0, 0.0], 
[3759.0, 0.0, -0.0, 0.0, -0.0, 0.0, 0.0, 0.0], 
[3780.0, 0.0, -0.0, 0.0, -0.0, 0.0, 0.0, 0.0], 
[3801.0, 0.0, -0.0, 0.0, -0.0, 0.0, 0.0, 0.0], 
[3825.0, 0.0, -0.0, 0.0, -0.0, 0.0, 0.0, 0.0], 
[3845.0, 0.0, -0.0, 0.0, -0.0, 0.0, 0.0, 0.0], 
[3866.0, 0.0, -0.0, 0.0, -0.0, 0.0, 0.0, 0.0], 
[3887.0, 0.0, -0.0, 0.0, -0.0, 0.0, 0.0, 0.0], 
[3907.0, 0.0, -0.0, 0.0, -0.0, 0.0, 0.0, 0.0], 
[3928.0, 0.0, -0.0, 0.0, -0.0, 0.0, 0.0, 0.0], 
[3955.0, 0.0, -0.0, 0.0, -0.0, 0.0, 0.0, 0.0], 
[3975.0, 0.0, -0.0, 0.0, -0.0, 0.0, 0.0, 0.0], 
[3994.0, 0.0, -0.0, 0.0, -0.0, 0.0, 0.0, 0.0], 
[4013.0, 0.0, -0.0, 0.0, -0.0, 0.0, 0.0, 0.0], 
[4032.0, 0.0, -0.0, 0.0, -0.0, 0.0, 0.0, 0.0], 
[4053.0, 0.0, -0.0, 0.0, -0.0, 0.0, 0.0, 0.0], 
[4075.0, 0.0, -0.0, 0.0, -0.0, 0.0, 0.0, 0.0], 
[4108.0, 0.0, -0.0, 0.0, -0.0, 0.0, 0.0, 0.0], 
[4129.0, 0.0, -0.0, 0.0, -0.0, 0.0, 0.0, 0.0], 
[4153.0, 0.0, -0.0, 0.0, -0.0, 0.0, 0.0, 0.0], 
[4179.0, 0.0, -0.0, 0.0, -0.0, 0.0, 0.1, 0.0], 
[4226.0, 0.0, -0.0, 0.0, -0.0, 0.0, 0.1, 0.0], 
[4247.0, 0.0, -0.0, 0.0, -0.0, 0.0, 0.1, 0.0], 
[4269.0, 0.0, -0.0, 0.0, -0.0, 0.0, 0.1, 0.0], 
[4289.0, 0.0, -0.0, 0.0, -0.0, 0.0, 0.1, 0.0], 
[4310.0, 0.0, -0.0, 0.0, -0.0, 0.0, 0.1, 0.0], 
[4334.0, 0.0, -0.0, 0.0, -0.0, 0.0, 0.1, 0.0], 
[4358.0, 0.0, -0.0, 0.0, -0.0, 0.0, 0.1, 0.0], 
[4383.0, 0.0, -0.0, 0.0, -0.0, 0.0, 0.1, 0.0], 
[4407.0, 0.0, -0.0, 0.0, -0.0, 0.0, 0.1, 0.0], 
[4428.0, 0.0, -0.0, 0.0, -0.0, 0.0, 0.1, 0.0], 
[4451.0, 0.0, -0.0, 0.0, -0.0, 0.0, 0.2, 0.0], 
[4479.0, 0.0, -0.0, 0.0, -0.0, 0.0, 0.2, 0.0], 
[4501.0, 0.0, -0.0, 0.0, -0.0, 0.0, 0.2, 0.0], 
[4521.0, 0.0, -0.0, 0.0, -0.0, 0.0, 0.2, 0.0], 
[4539.0, 0.0, -0.0, 0.0, -0.0, 0.0, 0.2, 0.0], 
[4557.0, 0.0, -0.0, 0.0, -0.0, 0.0, 0.2, 0.0], 
[4576.0, 0.0, -0.0, 0.0, -0.0, 0.0, 0.2, 0.0], 
[4595.0, 0.0, -0.0, 0.0, -0.0, 0.0, 0.2, 0.0], 
[4620.0, 0.0, -0.0, 0.0, -0.0, 0.0, 0.2, 0.0], 
[4640.0, 0.0, -0.0, 0.0, -0.0, 0.0, 0.2, 0.0], 
[4665.0, 0.0, -0.0, 0.0, -0.0, 0.0, 0.2, 0.0], 
[4686.0, 0.0, -0.0, 0.0, -0.0, 0.0, 0.2, 0.0], 
[4728.0, 0.0, -0.0, 0.0, -0.0, 0.0, 0.2, 0.0], 
[4747.0, 0.0, -0.0, 0.0, -0.0, 0.0, 0.2, 0.0], 
[4767.0, 0.0, -0.0, 0.0, -0.0, 0.0, 0.2, 0.0], 
[4787.0, 0.0, -0.0, 0.0, -0.0, 0.0, 0.2, 0.0], 
[4808.0, 0.0, -0.0, 0.0, -0.0, 0.0, 0.2, 0.0], 
[4829.0, 0.0, -0.0, 0.0, -0.0, 0.0, 0.2, 0.0], 
[4856.0, 0.0, -0.0, 0.0, -0.0, 0.0, 0.30000000000000004, 0.0], 
[4885.0, 0.0, -0.0, 0.0, -0.0, 0.0, 0.30000000000000004, 0.0], 
[4909.0, 0.0, -0.0, 0.0, -0.0, 0.0, 0.30000000000000004, 0.0], 
[4931.0, 0.0, -0.0, 0.0, -0.0, 0.0, 0.30000000000000004, 0.0], 
[4959.0, 0.0, -0.0, 0.0, -0.0, 0.0, 0.30000000000000004, 0.0], 
[4994.0, 0.0, -0.0, 0.0, -0.0, 0.0, 0.30000000000000004, 0.0], 
[5017.0, 0.0, -0.0, 0.0, -0.0, 0.0, 0.30000000000000004, 0.0], 
[5039.0, 0.0, -0.0, 0.0, -0.0, 0.0, 0.30000000000000004, 0.0], 
[5062.0, 0.0, -0.0, 0.0, -0.0, 0.0, 0.30000000000000004, 0.0], 
[5085.0, 0.0, -0.0, 0.0, -0.0, 0.0, 0.30000000000000004, 0.0], 
[5108.0, 0.0, -0.0, 0.0, -0.0, 0.0, 0.30000000000000004, 0.0], 
[5135.0, 0.0, -0.0, 0.0, -0.0, 0.0, 0.4, 0.0], 
[5165.0, 0.0, -0.0, 0.0, -0.0, 0.0, 0.4, 0.0], 
[5187.0, 0.0, -0.0, 0.0, -0.0, 0.0, 0.4, 0.0], 
[5222.0, 0.0, -0.0, 0.0, -0.0, 0.0, 0.4, 0.0], 
[5264.0, 0.0, -0.0, 0.0, -0.0, 0.0, 0.4, 0.0], 
[5288.0, 0.0, -0.0, 0.0, -0.0, 0.0, 0.4, 0.0], 
[5311.0, 0.0, -0.0, 0.0, -0.0, 0.0, 0.4, 0.0], 
[5334.0, 0.0, -0.0, 0.0, -0.0, 0.0, 0.4, 0.0], 
[5358.0, 0.0, -0.0, 0.0, -0.0, 0.0, 0.4, 0.0], 
[5381.0, 0.0, -0.0, 0.0, -0.0, 0.0, 0.4, 0.0], 
[5407.0, 0.0, -0.0, 0.0, -0.0, 0.0, 0.5, 0.0], 
[5434.0, 0.0, -0.0, 0.0, -0.0, 0.0, 0.5, 0.0], 
[5460.0, 0.0, -0.0, 0.0, -0.0, 0.0, 0.5, 0.0], 
[5487.0, 0.0, -0.0, 0.0, -0.0, 0.0, 0.5, 0.0], 
[5517.0, 0.0, -0.0, 0.0, -0.0, 0.0, 0.5, 0.0], 
[5538.0, 0.0, -0.0, 0.0, -0.0, 0.0, 0.5, 0.0], 
[5559.0, 0.0, -0.0, 0.0, -0.0, 0.0, 0.5, 0.0], 
[5582.0, 0.0, -0.0, 0.0, -0.0, 0.0, 0.5, 0.0], 
[5606.0, 0.0, -0.0, 0.0, -0.0, 0.0, 0.5, 0.0], 
[5629.0, 0.0, -0.0, 0.0, -0.0, 0.0, 0.5, 0.0], 
[5656.0, 0.0, -0.0, 0.0, -0.0, 0.0, 0.6, 0.0], 
[5679.0, 0.0, -0.0, 0.0, -0.0, 0.0, 0.6, 0.0], 
[5711.0, 0.0, -0.0, 0.0, -0.0, 0.0, 0.6, 0.0], 
[5743.0, 0.0, -0.0, 0.0, -0.0, 0.0, 0.6, 0.0], 
[5780.0, 0.0, -0.0, 0.0, -0.0, 0.0, 0.6, 0.0], 
[5801.0, 0.0, -0.0, 0.0, -0.0, 0.0, 0.6, 0.0], 
[5825.0, 0.0, -0.0, 0.0, -0.0, 0.0, 0.6, 0.0], 
[5849.0, 0.0, -0.0, 0.0, -0.0, 0.0, 0.6, 0.0], 
[5869.0, 0.0, -0.0, 0.0, -0.0, 0.0, 0.6, 0.0], 
[5890.0, 0.0, -0.0, 0.0, -0.0, 0.0, 0.6, 0.0], 
[5912.0, 0.0, -0.0, 0.0, -0.0, 0.0, 0.6, 0.0], 
[5935.0, 0.0, -0.0, 0.0, -0.0, 0.0, 0.6, 0.0], 
[5958.0, 0.0, -0.0, 0.0, -0.0, 0.0, 0.6, 0.0], 
[5989.0, 0.0, -0.0, 0.0, -0.0, 0.0, 0.6, 0.0], 
[6013.0, 0.0, -0.0, 0.0, -0.0, 0.0, 0.6, 0.0], 
[6033.0, 0.0, -0.0, 0.0, -0.0, 0.0, 0.6, 0.0], 
[6052.0, 0.0, -0.0, 0.0, -0.0, 0.0, 0.6, 0.0], 
[6075.0, 0.0, -0.0, 0.0, -0.0, 0.0, 0.6, 0.0], 
[6095.0, 0.0, -0.0, 0.0, -0.0, 0.0, 0.6, 0.0], 
[6116.0, 0.0, -0.0, 0.0, -0.0, 0.0, 0.6, 0.0], 
[6137.0, 0.0, -0.0, 0.0, -0.0, 0.0, 0.6, 0.0], 
[6166.0, 0.0, -0.0, 0.0, -0.0, 0.0, 0.6000000000000001, 0.0], 
[6192.0, 0.0, -0.0, 0.0, -0.0, 0.0, 0.6000000000000001, 0.0], 
[6218.0, 0.0, -0.0, 0.0, -0.0, 0.0, 0.7000000000000001, 0.0], 
[6255.0, 0.0, -0.0, 0.0, -0.0, 0.0, 0.7000000000000001, 0.0], 
[6292.0, 0.0, -0.0, 0.0, -0.0, 0.0, 0.7000000000000001, 0.0], 
[6316.0, 0.0, -0.0, 0.0, -0.0, 0.0, 0.7000000000000001, 0.0], 
[6338.0, 0.0, -0.0, 0.0, -0.0, 0.0, 0.7000000000000001, 0.0], 
[6360.0, 0.0, -0.0, 0.0, -0.0, 0.0, 0.7000000000000001, 0.0], 
[6380.0, 0.0, -0.0, 0.0, -0.0, 0.0, 0.7000000000000001, 0.0], 
[6399.0, 0.0, -0.0, 0.0, -0.0, 0.0, 0.7000000000000001, 0.0], 
[6419.0, 0.0, -0.0, 0.0, -0.0, 0.0, 0.7000000000000001, 0.0], 
[6440.0, 0.0, -0.0, 0.0, -0.0, 0.0, 0.7000000000000001, 0.0], 
[6462.0, 0.0, -0.0, 0.0, -0.0, 0.0, 0.7000000000000001, 0.0], 
[6486.0, 0.0, -0.0, 0.0, -0.0, 0.0, 0.7000000000000001, 0.0], 
[6511.0, 0.0, -0.0, 0.0, -0.0, 0.0, 0.7000000000000001, 0.0], 
[6536.0, 0.0, -0.0, 0.0, -0.0, 0.0, 0.7000000000000001, 0.0], 
[6556.0, 0.0, -0.0, 0.0, -0.0, 0.0, 0.7000000000000001, 0.0], 
[6575.0, 0.0, -0.0, 0.0, -0.0, 0.0, 0.7000000000000001, 0.0], 
[6595.0, 0.0, -0.0, 0.0, -0.0, 0.04882897064089775, 0.7000000000000001, 0.0], 
[6618.0, 0.0, -0.0, 0.0, -0.0, 0.04882897064089775, 0.7000000000000001, 0.0], 
[6639.0, 0.0, -0.0, 0.0, -0.0, 0.4660234749317169, 0.7000000000000001, 0.0], 
[6665.0, 0.0, -0.0, 0.0, -0.0, 0.883217990398407, 0.7000000000000001, 0.0], 
[6692.0, 0.0, -0.0, 0.0, -0.0, 0.883217990398407, 0.7000000000000001, 0.0], 
[6718.0, 0.0, -0.0, 0.0, -0.0, 0.7830913662910461, 0.7000000000000002, 0.0], 
[6750.0, 0.0, -0.0, 0.0, -0.0, 0.15729954838752747, 0.7000000000000002, 0.0], 
[6788.0, 0.0, -0.0, 0.0, -0.0, 0.0, 0.7000000000000002, 0.0], 
[6825.0, 0.0, -0.0, 0.0, -0.0, 0.0, 0.7000000000000002, 0.0], 
[6845.0, 0.0, -0.0, 0.0, -0.0, 0.0, 0.7000000000000002, 0.0], 
[6866.0, 0.0, -0.0, 0.0, -0.0, 0.0, 0.7000000000000002, 0.0], 
[6888.0, 0.0, -0.0, 0.0, -0.0, 0.0, 0.7000000000000002, 0.0], 
[6912.0, 0.0, -0.0, 0.0, -0.0, 0.0, 0.7000000000000002, 0.0], 
[6934.0, 0.0, -0.0, 0.0, -0.0, 0.0, 0.7000000000000002, 0.0], 
[6957.0, 0.0, -0.0, 0.0, -0.0, 0.0, 0.7000000000000002, 0.0], 
[6985.0, 0.0, -0.0, 0.0, -0.0, 0.0, 0.7000000000000002, 0.0], 
[7012.0, 0.0, -0.0, 0.0, -0.0, 0.0, 0.7000000000000002, 0.0], 
[7037.0, 0.0, -0.0, 0.0, -0.0, 0.0, 0.7000000000000002, 0.0], 
[7064.0, 0.0, -0.0, 0.0, -0.0, 0.0, 0.7000000000000002, 0.0], 
[7088.0, 0.0, -0.0, 0.0, -0.0, 0.0, 0.7000000000000002, 0.0], 
[7111.0, 0.0, -0.0, 0.0, -0.0, 0.0, 0.7000000000000002, 0.0], 
[7134.0, 0.0, -0.0, 0.0, -0.0, 0.0, 0.7000000000000002, 0.0], 
[7159.0, 0.0, -0.0, 0.0, -0.0, 0.0, 0.7000000000000002, 0.0], 
[7182.0, 0.0, -0.0, 0.0, -0.0, 0.0, 0.7000000000000002, 0.0], 
[7207.0, 0.0, -0.0, 0.0, -0.0, 0.0, 0.7000000000000002, 0.0], 
[7235.0, 0.0, -0.0, 0.0, -0.19067510962486267, 0.0, 0.7000000000000002, 0.0], 
[7278.0, 0.0, -0.0, 0.0, -0.4243040382862091, 0.0, 0.7000000000000002, 0.0], 
[7313.0, 0.0, -0.0, 0.0, -0.4576795995235443, 0.0, 0.7000000000000002, 0.0], 
[7376.0, 0.0, -0.0, 0.0, -0.04048508033156395, 0.0, 0.7000000000000002, 0.0], 
[7411.0, 0.0, -0.0, 0.0, -0.0, 0.0, 0.7000000000000002, 0.0], 
[7435.0, 0.0, -0.0, 0.0, -0.0, 0.0, 0.7000000000000002, 0.0], 
[7459.0, 0.0, -0.0, 0.0, -0.0, 0.0, 0.7000000000000002, 0.0], 
[7484.0, 0.0, -0.0, 0.0, -0.0, 0.0, 0.7000000000000002, 0.0], 
[7513.0, 0.0, -0.0, 0.0, -0.0, 0.0, 0.7000000000000002, 0.0], 
[7533.0, 0.0, -0.0, 0.0, -0.0, 0.0, 0.7000000000000002, 0.0], 
[7556.0, 0.0, -0.0, 0.0, -0.0, 0.0, 0.7000000000000002, 0.0], 
[7576.0, 0.0, -0.0, 0.0, -0.0, 0.0, 0.7000000000000002, 0.0], 
[7599.0, 0.0, -0.0, 0.0, -0.0, 0.0, 0.7000000000000002, 0.0], 
[7622.0, 0.0, -0.0, 0.0, -0.0, 0.0, 0.7000000000000002, 0.0], 
[7650.0, 0.0, -0.0, 0.0, -0.0, 0.0, 0.7000000000000002, 0.0], 
[7673.0, 0.0, -0.0, 0.0, -0.02379729226231575, 0.0, 0.7000000000000002, 0.0], 
[7706.0, 0.0, -0.0, 0.0, -0.6078696250915527, 0.0, 0.7000000000000002, 0.0], 
[7750.0, 0.0, -0.0, 0.0, -0.9833446741104126, 0.0, 0.7000000000000002, 0.0], 
[7795.0, 0.0, -0.0, 0.0, -1.0, 0.3909284770488739, 0.7000000000000002, 0.0], 
[7837.0, 0.0, -0.0, 0.0, -1.0, 0.97500079870224, 0.7000000000000002, 0.0], 
[7884.0, 0.0, -0.0, 0.0, -1.0, 1.0, 0.7000000000000002, 0.0], 
[7919.0, 0.0, -0.0, 0.0, -1.0, 1.0, 0.7000000000000002, 0.0], 
[7948.0, 0.0, -0.0, 0.0, -1.0, 1.0, 0.7000000000000002, 0.0], 
[7976.0, 0.0, -0.0, 0.0, -1.0, 1.0, 0.7000000000000002, 0.0], 
[8011.0, 0.0, -0.0, 0.0, -1.0, 1.0, 0.7000000000000002, 0.0], 
[8042.0, 0.0, -0.0, 0.0, -1.0, 1.0, 0.7000000000000002, 0.0], 
[8072.0, 0.0, -0.0, 0.0, -1.0, 1.0, 0.7000000000000002, 0.0], 
[8103.0, 0.0, -0.0, 0.0, -1.0, 1.0, 0.7000000000000002, 0.0], 
[8133.0, 0.0, -0.0, 0.0, -1.0, 1.0, 0.7000000000000002, 0.0], 
[8166.0, 0.0, -0.0, 0.0, -1.0, 1.0, 0.7000000000000002, 0.0], 
[8207.0, 0.0, -0.0, 0.0, -1.0, 0.6579329371452332, 0.7000000000000002, 0.0], 
[8251.0, 0.0, -0.0, 0.0, -1.0, 0.0, 0.7000000000000002, 0.0], 
[8287.0, 0.0, -0.0, 0.0, -1.0, 0.0, 0.7000000000000002, 0.0], 
[8325.0, 0.0, -0.0, 0.0, -0.7246840596199036, 0.0, 0.7000000000000002, 0.0], 
[8362.0, 0.0, -0.0, 0.0, -0.07386063784360886, 0.0, 0.7000000000000002, 1.0], 
[8415.0, 0.0, -0.0, 0.0, -0.0, 0.0, 0.7000000000000002, 1.0], 
[8439.0, 0.4493032395839691, -0.0, 0.0, -0.0, 0.0, 0.7000000000000002, 1.0], 
[8475.0, 1.0, -0.0, 0.0, -0.0, 0.0, 0.7000000000000002, 1.0], 
[8506.0, 1.0, -0.0, 0.0, -0.0, 0.0, 0.7000000000000002, 0.0], 
[8532.0, 1.0, -0.0, 0.0, -0.0, 0.0, 0.7000000000000002, 0.0], 
[8558.0, 1.0, -0.0, 0.0, -0.0, 0.0, 0.7000000000000002, 0.0], 
[8583.0, 1.0, -0.0, 0.0, -0.0, 0.0, 0.7000000000000002, 0.0], 
[8607.0, 1.0, -0.0, 0.0, -0.0, 0.0, 0.7000000000000002, 0.0], 
[8631.0, 1.0, -0.0, -0.09889230877161026, -0.0, 0.0, 0.7000000000000002, 0.0], 
[8661.0, 1.0, -0.0, -0.2824578881263733, -0.04048508033156395, 0.0, 0.7000000000000002, 0.0], 
[8700.0, 1.0, -0.0, -0.2824578881263733, -0.04048508033156395, 0.0, 0.7000000000000002, 0.0], 
[8733.0, 1.0, -0.0, 0.19898653030395508, -0.4660234749317169, 0.0, 0.7000000000000002, 0.0], 
[8776.0, 1.0, -0.0, 0.7997466325759888, -0.6495890617370605, 0.24908232688903809, 0.7000000000000002, 0.0], 
[8815.0, 1.0, -0.0, 1.0, -0.3909284770488739, 0.9499691128730774, 0.7000000000000002, 0.0], 
[8861.0, 1.0, -0.0, 1.0, -0.0, 1.0, 0.7000000000000002, 0.0], 
[8886.0, 1.0, -0.0, 1.0, -0.0, 1.0, 0.7000000000000002, 0.0], 
[8913.0, 1.0, -0.0, 1.0, -0.0, 1.0, 0.7000000000000002, 0.0], 
[8940.0, 1.0, -0.0, 1.0, -0.0, 1.0, 0.7000000000000002, 0.0], 
[8964.0, 1.0, -0.0, 1.0, -0.0, 1.0, 0.7000000000000002, 0.0], 
[8995.0, 1.0, -0.0, 1.0, -0.0, 1.0, 0.7000000000000002, 0.0], 
[9027.0, 1.0, -0.0, 1.0, -0.0, 1.0, 0.7000000000000002, 0.0], 
[9048.0, 1.0, -0.0, 1.0, -0.0, 1.0, 0.7000000000000002, 0.0], 
[9070.0, 1.0, -0.0, 1.0, -0.0, 1.0, 0.7000000000000002, 0.0], 
[9092.0, 1.0, -0.0, 1.0, -0.0, 1.0, 0.7000000000000002, 0.0], 
[9115.0, 1.0, -0.0, 1.0, -0.0, 1.0, 0.7000000000000002, 0.0], 
[9139.0, 1.0, -0.0, 1.0, -0.0, 1.0, 0.7000000000000002, 0.0], 
[9162.0, 1.0, -0.0, 1.0, -0.0, 1.0, 0.7000000000000002, 0.0], 
[9186.0, 1.0, -0.0, 1.0, -0.0, 1.0, 0.7000000000000002, 0.0], 
[9209.0, 1.0, -0.0, 1.0, -0.0, 1.0, 0.7000000000000002, 0.0], 
[9232.0, 1.0, -0.0, 1.0, -0.0, 1.0, 0.7000000000000002, 0.0], 
[9265.0, 1.0, -0.0, 1.0, -0.0, 1.0, 0.7000000000000002, 0.0], 
[9306.0, 1.0, -0.0, 1.0, -0.0, 1.0, 0.7000000000000002, 0.0], 
[9330.0, 1.0, -0.0, 1.0, -0.0, 1.0, 0.7000000000000002, 0.0], 
[9361.0, 1.0, -0.0, 1.0, -0.0, 1.0, 0.7000000000000002, 0.0], 
[9384.0, 1.0, -0.0, 1.0, -0.0, 1.0, 0.7000000000000002, 0.0], 
[9416.0, 1.0, -0.0, 1.0, -0.0, 1.0, 0.7000000000000002, 0.0], 
[9447.0, 1.0, -0.0, 1.0, -0.0, 0.8748741149902344, 0.7000000000000002, 0.0], 
[9474.0, 1.0, 0.08217205852270126, 1.0, -0.0, 0.21570676565170288, 0.7000000000000002, 0.0], 
[9505.0, 1.0, 0.18229874968528748, 1.0, -0.0, 0.0, 0.7000000000000002, 0.0], 
[9542.0, 1.0, 0.18229874968528748, 1.0, -0.0, 0.0, 0.7000000000000002, 0.0], 
[9563.0, 1.0, 0.3074570894241333, 1.0, -0.0, 0.0, 0.7000000000000002, 0.0], 
[9587.0, 1.0, 0.3992398977279663, 0.8080905675888062, -0.0, 0.0, 0.7000000000000002, 0.0], 
[9613.0, 1.0, 0.3992398977279663, 0.8080905675888062, -0.0, 0.0, 0.8000000000000002, 0.0], 
[9632.0, 0.8998733162879944, 0.5077104568481445, 0.18229874968528748, -0.0, 0.0, 0.8000000000000002, 0.0], 
[9655.0, 0.8998733162879944, 0.5077104568481445, 0.18229874968528748, -0.0, 0.0, 0.8000000000000002, 0.0], 
[9677.0, 0.7914027571678162, 0.6078371405601501, 0.0, -0.0, 0.0, 0.8000000000000002, 0.0], 
[9703.0, 0.724651575088501, 0.6745882630348206, 0.0, -0.0, 0.0, 0.8000000000000002, 0.0], 
[9734.0, 0.724651575088501, 0.6745882630348206, 0.0, -0.0, 0.0, 0.8000000000000002, 0.0], 
[9757.0, 0.724651575088501, 0.6745882630348206, 0.0, -0.0, 0.0, 0.8000000000000002, 0.0], 
[9782.0, 0.724651575088501, 0.6745882630348206, 0.0, -0.0, 0.0, 0.8000000000000002, 0.0], 
[9805.0, 0.7163076996803284, 0.6745882630348206, 0.0, -0.0, 0.0, 0.8000000000000002, 0.0], 
[9833.0, 0.7163076996803284, 0.6745882630348206, 0.0, -0.0, 0.0, 0.9000000000000001, 0.0], 
[9851.0, 0.7163076996803284, 0.6745882630348206, 0.0, -0.0, 0.0, 0.9000000000000001, 0.0], 
[9871.0, 0.7163076996803284, 0.6745882630348206, 0.49102267622947693, -0.0, 0.0, 0.9000000000000001, 0.0], 
[9899.0, 0.7163076996803284, 0.6745882630348206, 0.49102267622947693, -0.0, 0.0, 0.9000000000000001, 0.0], 
[9920.0, 0.7163076996803284, 0.6745882630348206, 0.9833122491836548, -0.0, 0.0, 0.9000000000000001, 0.0], 
[9949.0, 0.7163076996803284, 0.6745882630348206, 1.0, -0.0, 0.0, 0.9000000000000001, 0.0], 
[9973.0, 0.7163076996803284, 0.6745882630348206, 1.0, -0.0, 0.0, 0.9000000000000001, 0.0], 
[9993.0, 0.7163076996803284, 0.6745882630348206, 1.0, -0.0, 0.0, 0.9000000000000001, 0.0], 
[10013.0, 0.7163076996803284, 0.6745882630348206, 1.0, -0.0, 0.0, 0.9000000000000001, 0.0], 
[10043.0, 0.7163076996803284, 0.6745882630348206, 1.0, -0.0, 0.0, 0.9000000000000001, 0.0], 
[10069.0, 0.7163076996803284, 0.6745882630348206, 0.3408326804637909, -0.0, 0.0, 0.9000000000000001, 0.0], 
[10092.0, 0.7163076996803284, 0.6745882630348206, 0.3408326804637909, -0.0, 0.0, 0.9000000000000001, 0.0], 
[10111.0, 0.7163076996803284, 0.6745882630348206, 0.0, -0.0, 0.0, 0.9000000000000001, 0.0], 
[10136.0, 0.7163076996803284, 0.6745882630348206, 0.0, -0.0, 0.0, 0.9000000000000001, 0.0], 
[10156.0, 0.7163076996803284, 0.6745882630348206, 0.0, -0.0, 0.0, 0.9000000000000001, 0.0], 
[10180.0, 0.7163076996803284, 0.6745882630348206, 0.0, -0.0, 0.0, 0.8000000000000002, 0.0], 
[10205.0, 0.7163076996803284, 0.6745882630348206, 0.0, -0.0, 0.0, 0.8000000000000002, 0.0], 
[10229.0, 0.7163076996803284, 0.6745882630348206, 0.0, -0.0, 0.0, 0.8000000000000002, 0.0], 
[10249.0, 0.7163076996803284, 0.6745882630348206, 0.0, -0.0, 0.0, 0.8000000000000002, 0.0], 
[10269.0, 0.7163076996803284, 0.6745882630348206, 0.0, -0.0, 0.0, 0.8000000000000002, 0.0], 
[10293.0, 0.7163076996803284, 0.6745882630348206, 0.0, -0.0, 0.0, 0.8000000000000002, 0.0], 
[10318.0, 0.7163076996803284, 0.6745882630348206, 0.0, -0.0, 0.0, 0.8000000000000002, 0.0], 
[10343.0, 0.7163076996803284, 0.6745882630348206, 0.3241448700428009, -0.0, 0.0, 0.8000000000000002, 0.0], 
[10372.0, 0.7163076996803284, 0.6745882630348206, 0.3241448700428009, -0.0, 0.0, 0.8000000000000002, 0.0], 
[10396.0, 0.7163076996803284, 0.6745882630348206, 0.924905002117157, -0.0, 0.0, 0.8000000000000002, 0.0], 
[10432.0, 0.7163076996803284, 0.6745882630348206, 1.0, -0.0, 0.0, 0.8000000000000002, 0.0], 
[10473.0, 0.7163076996803284, 0.6745882630348206, 1.0, -0.0, 0.0, 0.8000000000000002, 0.0], 
[10503.0, 0.7163076996803284, 0.6745882630348206, 0.7413394451141357, -0.0, 0.0, 0.9000000000000001, 0.0], 
[10534.0, 0.7163076996803284, 0.6745882630348206, 0.7413394451141357, -0.0, 0.0, 0.9000000000000001, 0.0], 
[10560.0, 0.7163076996803284, 0.6745882630348206, 0.09051594883203506, -0.0, 0.0, 0.9000000000000001, 0.0], 
[10582.0, 0.7163076996803284, 0.6745882630348206, 0.0, -0.0, 0.0, 0.9000000000000001, 0.0], 
[10608.0, 0.7163076996803284, 0.6745882630348206, 0.0, -0.0, 0.0, 0.9000000000000001, 0.0], 
[10628.0, 0.7163076996803284, 0.6745882630348206, 0.0, -0.0, 0.0, 0.9000000000000001, 0.0], 
[10647.0, 0.7163076996803284, 0.6745882630348206, 0.0, -0.0, 0.0, 0.9000000000000001, 0.0], 
[10668.0, 0.7163076996803284, 0.6745882630348206, 0.0, -0.0, 0.0, 0.9000000000000001, 0.0], 
[10688.0, 0.7163076996803284, 0.6745882630348206, 0.0, -0.0, 0.0, 0.9000000000000001, 0.0], 
[10708.0, 0.7163076996803284, 0.6745882630348206, 0.0, -0.4910551607608795, 0.0, 0.9000000000000001, 0.0], 
[10746.0, 0.7163076996803284, 0.6745882630348206, 0.0, -0.9416252374649048, 0.0, 0.9000000000000001, 0.0], 
[10779.0, 0.7163076996803284, 0.6745882630348206, 0.0, -0.9416252374649048, 0.0, 1.0, 0.0], 
[10813.0, 0.7163076996803284, 0.6745882630348206, 0.0, -1.0, 0.0, 1.0, 0.0], 
[10845.0, 0.7163076996803284, 0.6745882630348206, 0.0, -1.0, 0.0, 1.0, 0.0], 
[10880.0, 0.7163076996803284, 0.6745882630348206, 0.0, -1.0, 0.0, 1.0, 0.0], 
[10914.0, 0.7163076996803284, 0.6745882630348206, 0.0, -1.0, 0.0, 1.0, 0.0], 
[10952.0, 0.7163076996803284, 0.6745882630348206, 0.0, -1.0, 0.0, 1.0, 0.0], 
[10996.0, 0.7163076996803284, 0.6745882630348206, 0.0, -1.0, 0.0, 1.0, 0.0], 
[11034.0, 0.7163076996803284, 0.6745882630348206, 0.0, -0.9249374866485596, 0.0, 1.0, 0.0], 
[11071.0, 0.7163076996803284, 0.6745882630348206, 0.0, -0.2991456687450409, 0.0, 1.0, 0.0], 
[11103.0, 0.7163076996803284, 0.6745882630348206, 0.0, -0.0, 0.0, 1.0, 0.0], 
[11139.0, 0.7163076996803284, 0.6745882630348206, 0.0, -0.0, 0.0, 1.0, 0.0], 
[11159.0, 0.7163076996803284, 0.6745882630348206, 0.0, -0.0, 0.0, 1.0, 0.0], 
[11181.0, 0.6579004526138306, 0.7163076996803284, 0.0, -0.0, 0.0, 1.0, 0.0], 
[11208.0, 0.6579004526138306, 0.7163076996803284, 0.0, -0.0, 0.0, 1.0, 0.0], 
[11233.0, 0.5077104568481445, 0.8581538796424866, 0.0, -0.0, 0.0, 1.0, 0.0], 
[11265.0, 0.4409593641757965, 0.9415927529335022, 0.0, -0.0, 0.0, 1.0, 0.0], 
[11301.0, 0.4242715835571289, 0.9499366879463196, 0.0, -0.0, 0.0, 1.0, 0.0], 
[11327.0, 0.4242715835571289, 0.9499366879463196, 0.0, -0.0, 0.0, 1.0, 0.0], 
[11347.0, 0.4242715835571289, 0.9499366879463196, 0.0, -0.0, 0.0, 1.0, 0.0], 
[11367.0, 0.4242715835571289, 0.9499366879463196, 0.0, -0.0, 0.0, 1.0, 0.0], 
[11387.0, 0.4242715835571289, 0.9499366879463196, 0.0, -0.0, 0.0, 1.0, 0.0], 
[11414.0, 0.4242715835571289, 0.9499366879463196, 0.0, -0.0, 0.0, 0.9, 0.0], 
[11434.0, 0.4242715835571289, 0.9499366879463196, 0.0, -0.0, 0.0, 0.9, 0.0], 
[11460.0, 0.4242715835571289, 0.9499366879463196, 0.0, -0.0, 0.0, 0.9, 0.0], 
[11489.0, 0.4242715835571289, 0.9499366879463196, 0.0, -0.0, 0.0, 0.9, 0.0], 
[11514.0, 0.4242715835571289, 0.9499366879463196, 0.0, -0.0, 0.0, 0.9, 0.0], 
[11537.0, 0.4242715835571289, 0.9499366879463196, 0.0, -0.0, 0.0, 0.9, 0.0], 
[11568.0, 0.4242715835571289, 0.9499366879463196, 0.0, -0.0, 0.0, 0.9, 0.0], 
[11593.0, 0.4242715835571289, 0.8581538796424866, 0.17395485937595367, -0.0, 0.0, 0.9, 0.0], 
[11616.0, 0.4242715835571289, 0.8581538796424866, 0.17395485937595367, -0.0, 0.0, 0.9, 0.0], 
[11636.0, 0.3241448700428009, 0.6412127017974854, 0.5994932651519775, -0.0, 0.0, 0.9, 0.0], 
[11670.0, 0.048796504735946655, 0.15726707875728607, 0.9499366879463196, -0.0, 0.0, 0.9, 0.0], 
[11695.0, 0.048796504735946655, 0.15726707875728607, 0.9499366879463196, -0.0, 0.0, 0.8, 0.0], 
[11719.0, 0.0, -0.0, 0.5661177039146423, -0.0, 0.0, 0.8, 0.0], 
[11750.0, 0.0, -0.0, 0.0, -0.0, 0.0, 0.8, 0.0], 
[11783.0, 0.0, -0.0, 0.0, -0.0, 0.0, 0.8, 0.0], 
[11806.0, 0.0, -0.0, 0.0, -0.0, 0.0, 0.8, 0.0], 
[11830.0, 0.0, -0.0, 0.0, 0.16561096906661987, 0.0, 0.8, 0.0], 
[11873.0, 0.0, -0.0, 0.0, 0.7997466325759888, 0.0, 0.8, 0.0], 
[11907.0, 0.0, -0.0, 0.0, 1.0, 0.0, 0.8, 0.0], 
[11948.0, 0.0, -0.0, 0.0, 1.0, 0.0, 0.8, 0.0], 
[11986.0, 0.0, -0.0, 0.0, 1.0, 0.0, 0.8, 0.0], 
[12032.0, 0.0, -0.0, 0.0, 1.0, 0.0, 0.8, 0.0], 
[12070.0, 0.0, -0.0, 0.0, 1.0, 0.0, 0.8, 0.0], 
[12112.0, 0.0, -0.0, 0.0, 1.0, 0.0, 0.8, 0.0], 
[12146.0, 0.10720372945070267, -0.0, 0.0, 0.6245248913764954, 0.0, 0.8, 0.0], 
[12192.0, 0.4326154589653015, 0.2573937475681305, 0.0, 0.08217205852270126, 0.0, 0.8, 0.0], 
[12238.0, 0.6078371405601501, 0.5243982672691345, 0.0, -0.0, 0.0, 0.8, 0.0], 
[12268.0, 0.6328688263893127, 0.666244387626648, 0.0, -0.0, 0.0, 0.8, 0.0], 
[12294.0, 0.6328688263893127, 0.666244387626648, 0.0, -0.0, 0.0, 0.8, 0.0], 
[12317.0, 0.2824254333972931, 0.2907693088054657, 0.0, -0.0, 0.0, 0.8, 0.0], 
[12348.0, 0.0, -0.0, 0.0, -0.0, 0.0, 0.8, 0.0], 
[12374.0, 0.0, -0.0, 0.0, -0.0, 0.0, 0.8, 0.0], 
[12395.0, 0.0, -0.0, 0.0, -0.0, 0.0, 0.8, 0.0], 
[12419.0, 0.0, -0.0, 0.0, -0.0, 0.0, 0.7000000000000001, 0.0], 
[12439.0, 0.0, -0.0, 0.0, -0.0, 0.0, 0.7000000000000001, 0.0], 
[12458.0, 0.0, -0.0, 0.0, -0.0, 0.0, 0.7000000000000001, 0.0], 
[12478.0, 0.0, -0.0, 0.0, -0.0, 0.0, 0.7000000000000001, 0.0], 
[12508.0, 0.0, -0.0, 0.0, -0.0, 0.0, 0.7000000000000001, 0.0], 
[12535.0, 0.0, -0.0, 0.0, -0.0, 0.0, 0.7000000000000001, 0.0], 
[12560.0, 0.0, -0.0, 0.0, -0.0, 0.0, 0.7000000000000001, 0.0], 
[12584.0, 0.0, 0.015420937910676003, 0.0, -0.0, 0.0, 0.7000000000000001, 0.0], 
[12623.0, 0.0, 0.3241448700428009, 0.0, -0.0, 0.0, 0.7000000000000001, 0.0], 
[12647.0, 0.0, 0.3241448700428009, 0.0, -0.0, 0.0, 0.7000000000000001, 0.0], 
[12667.0, 0.0, 0.7163076996803284, 0.0, -0.0, 0.0, 0.7000000000000001, 0.0], 
[12692.0, 0.0, 0.7163076996803284, 0.0, -0.0, 0.0, 0.7000000000000001, 0.0], 
[12712.0, 0.0, 0.3575204610824585, 0.0, -0.0, 0.0, 0.7000000000000001, 0.0], 
[12736.0, 0.0, 0.3575204610824585, 0.0, -0.0, 0.0, 0.7000000000000001, 0.0], 
[12755.0, 0.0, -0.0, 0.0, -0.0, 0.0, 0.7000000000000001, 0.0], 
[12791.0, 0.0, -0.0, 0.0, -0.0, 0.0, 0.6000000000000001, 0.0], 
[12813.0, 0.0, -0.0, 0.0, -0.0, 0.0, 0.6000000000000001, 0.0], 
[12838.0, 0.0, -0.0, 0.0, -0.0, 0.0, 0.6000000000000001, 0.0], 
[12859.0, 0.0, -0.0, 0.0, -0.0, 0.0, 0.6000000000000001, 0.0], 
[12881.0, 0.0, -0.0, 0.0, -0.0, 0.0, 0.6000000000000001, 0.0], 
[12904.0, 0.0, -0.0, 0.0, -0.0, 0.0, 0.6000000000000001, 0.0], 
[12925.0, 0.0, -0.0, 0.0, -0.0, 0.0, 0.6000000000000001, 0.0], 
[12946.0, 0.0, -0.0, 0.0, -0.0, 0.0, 0.6000000000000001, 0.0], 
[12966.0, 0.0, -0.0, 0.0, -0.0, 0.0, 0.6000000000000001, 0.0], 
[12989.0, 0.0, -0.0, 0.0, -0.0, 0.0, 0.6000000000000001, 0.0], 
[13014.0, 0.0, -0.0, 0.0, -0.0, 0.0, 0.5000000000000001, 0.0], 
[13051.0, 0.0, -0.0, 0.0, -0.0, 0.0, 0.5000000000000001, 0.0], 
[13071.0, 0.0, 0.2657376527786255, 0.0, -0.0, 0.0, 0.5000000000000001, 0.0], 
[13098.0, 0.0, 0.8581538796424866, 0.0, -0.0, 0.0, 0.5000000000000001, 0.0], 
[13126.0, 0.0, 0.8581538796424866, 0.0, -0.0, 0.0, 0.5000000000000001, 0.0], 
[13146.0, 0.0, 1.0, 0.0, -0.0, 0.0, 0.5000000000000001, 0.0], 
[13169.0, 0.0, 1.0, 0.0, -0.0, 0.0, 0.5000000000000001, 0.0], 
[13188.0, 0.0, 0.6328688263893127, 0.0, -0.04048508033156395, 0.0, 0.5000000000000001, 0.0], 
[13232.0, 0.0, -0.0, 0.0, -0.04882897064089775, 0.0, 0.5000000000000001, 0.0], 
[13270.0, 0.0, -0.0, 0.0, -0.057172857224941254, 0.0, 0.40000000000000013, 0.0], 
[13301.0, 0.0, -0.0, 0.0, -0.057172857224941254, 0.0, 0.40000000000000013, 0.0], 
[13343.0, 0.0, -0.0, 0.0, -0.19067510962486267, 0.0, 0.40000000000000013, 0.0], 
[13373.0, 0.0, -0.0, 0.0, -0.19067510962486267, 0.0, 0.40000000000000013, 0.0], 
[13402.0, 0.0, -0.0, 0.0, -0.6829646229743958, 0.0, 0.40000000000000013, 0.0], 
[13430.0, 0.0, -0.0, 0.0, -0.9833446741104126, 0.0, 0.40000000000000013, 0.0], 
[13460.0, 0.0, -0.0, 0.0, -1.0, 0.0, 0.40000000000000013, 0.0], 
[13487.0, 0.0, -0.0, 0.0, -1.0, 0.0, 0.40000000000000013, 0.0], 
[13518.0, 0.0, -0.0, 0.0, -0.9332813620567322, 0.0, 0.40000000000000013, 0.0], 
[13555.0, 0.0, -0.0, 0.0, -0.20736287534236908, 0.0, 0.40000000000000013, 0.0], 
[13586.0, 0.0, -0.0, 0.0, -0.0, 0.0, 0.40000000000000013, 0.0], 
[13613.0, 0.0, -0.0, 0.0, -0.0, 0.0, 0.40000000000000013, 0.0], 
[13638.0, 0.0, -0.0, 0.0, -0.0, 0.0, 0.40000000000000013, 0.0], 
[13658.0, 0.0, -0.0, 0.0, -0.0, 0.0, 0.40000000000000013, 0.0], 
[13678.0, 0.0, -0.0, 0.0, -0.0, 0.0, 0.40000000000000013, 0.0], 
[13698.0, 0.0, -0.0, 0.0, -0.0, 0.0, 0.40000000000000013, 0.0], 
[13720.0, 0.0, -0.0, 0.0, -0.0, 0.0, 0.40000000000000013, 0.0], 
[13746.0, 0.0, -0.0, 0.0, -0.0, 0.0, 0.40000000000000013, 0.0], 
[13785.0, 0.0, -0.0, 0.0, -0.0, 0.0, 0.39999999999999997, 0.0], 
[13806.0, 0.0, -0.0, 0.0, -0.0, 0.0, 0.39999999999999997, 0.0], 
[13830.0, 0.0, -0.0, 0.0, -0.0, 0.0, 0.39999999999999997, 0.0], 
[13851.0, 0.0, -0.0, 0.0, -0.0, 0.0, 0.39999999999999997, 0.0], 
[13879.0, 0.0, -0.0, 0.0, -0.0, 0.0, 0.39999999999999997, 0.0], 
[13898.0, 0.0, -0.0, 0.0, -0.0, 0.0, 0.39999999999999997, 0.0], 
[13917.0, 0.0, -0.0, 0.0, -0.0, 0.0, 0.39999999999999997, 0.0], 
[13936.0, 0.0, -0.0, 0.0, -0.0, 0.0, 0.39999999999999997, 0.0], 
[13955.0, 0.0, -0.0, 0.0, -0.0, 0.0, 0.39999999999999997, 0.0], 
[13974.0, 0.0, -0.0, 0.0, -0.0, 0.0, 0.39999999999999997, 0.0], 
[13994.0, 0.0, -0.0, 0.0, -0.0, -0.05714039131999016, 0.39999999999999997, 0.0], 
[14015.0, 0.0, -0.0, 0.0, -0.0, -0.05714039131999016, 0.39999999999999997, 0.0], 
[14035.0, 0.0, -0.0, 0.0, -0.0, -0.2907693088054657, 0.39999999999999997, 0.0], 
[14066.0, 0.0, -0.0, 0.0, -0.0, -0.3825521171092987, 0.39999999999999997, 0.0], 
[14089.0, 0.0, -0.0, 0.0, -0.0, -0.3825521171092987, 0.39999999999999997, 0.0], 
[14109.0, 0.0, -0.0, 0.0, -0.0, -0.3908960223197937, 0.39999999999999997, 0.0], 
[14138.0, 0.0, -0.0, 0.0, -0.0, -0.3908960223197937, 0.39999999999999997, 0.0], 
[14157.0, 0.0, -0.0, 0.0, -0.0, -0.23236209154129028, 0.39999999999999997, 0.0], 
[14183.0, 0.0, -0.0, 0.0, -0.0, -0.015420937910676003, 0.39999999999999997, 0.0], 
[14208.0, 0.0, -0.0, 0.0, -0.0, -0.015420937910676003, 0.39999999999999997, 0.0], 
[14232.0, 0.0, -0.0, 0.0, -0.0, 0.0, 0.39999999999999997, 0.0], 
[14255.0, 0.0, -0.0, 0.0, -0.0, 0.0, 0.39999999999999997, 0.0], 
[14291.0, 0.0, -0.0, 0.0, -0.0, 0.0, 0.39999999999999997, 0.0], 
[14312.0, 0.0, -0.0, 0.0, -0.0, 0.0, 0.39999999999999997, 0.0], 
[14337.0, 0.0, -0.0, 0.0, -0.0, 0.0, 0.39999999999999997, 0.0], 
[14360.0, 0.0, -0.0, 0.0, -0.0, 0.0, 0.39999999999999997, 0.0], 
[14380.0, 0.0, -0.0, 0.0, -0.0, 0.0, 0.39999999999999997, 0.0], 
[14407.0, 0.0, -0.0, 0.0, -0.0, 0.0, 0.39999999999999997, 0.0], 
[14428.0, 0.0, -0.0, 0.0, -0.0, -0.007077048998326063, 0.39999999999999997, 0.0], 
[14451.0, 0.0, -0.0, 0.0, -0.0, -0.007077048998326063, 0.39999999999999997, 0.0], 
[14473.0, 0.0, -0.0, 0.0, -0.0, -0.3658643364906311, 0.39999999999999997, 0.0], 
[14495.0, 0.0, -0.0, 0.0, -0.0, -0.3658643364906311, 0.39999999999999997, 0.0], 
[14517.0, 0.0, -0.0, 0.0, -0.0, -0.6078371405601501, 0.39999999999999997, 0.0], 
[14543.0, 0.0, -0.0, 0.0, -0.0, -0.6412127017974854, 0.39999999999999997, 0.0], 
[14581.0, 0.0, -0.0, 0.0, -0.0, -0.5327421426773071, 0.39999999999999997, 0.0], 
[14603.0, 0.0, -0.0, 0.0, -0.0, -0.5327421426773071, 0.39999999999999997, 0.0], 
[14622.0, 0.0, -0.0, 0.0, -0.0, -0.2407059669494629, 0.39999999999999997, 0.0], 
[14643.0, 0.0, -0.0, 0.0, -0.0, -0.2407059669494629, 0.39999999999999997, 0.0], 
[14676.0, 0.0, -0.0, 0.0, -0.0, 0.0, 0.39999999999999997, 0.0], 
[14704.0, 0.0, -0.0, 0.0, -0.0, 0.0, 0.39999999999999997, 0.0], 
[14727.0, 0.0, -0.0, 0.0, -0.0, 0.0, 0.39999999999999997, 0.0], 
[14751.0, 0.0, -0.0, 0.0, -0.0, 0.0, 0.39999999999999997, 0.0], 
[14774.0, 0.0, -0.0, 0.0, -0.0, 0.0, 0.39999999999999997, 0.0], 
[14813.0, 0.0, -0.0, 0.0, -0.0, 0.0, 0.39999999999999997, 0.0], 
[14841.0, 0.0, -0.0, 0.0, -0.0, 0.0, 0.39999999999999997, 0.0], 
[14869.0, 0.0, -0.0, 0.0, -0.0, 0.0, 0.39999999999999997, 0.0], 
[14894.0, 0.0, -0.0, 0.0, -0.0, 0.0, 0.39999999999999997, 0.0], 
[14917.0, 0.0, -0.0, 0.0, -0.0, 0.0, 0.39999999999999997, 0.0], 
[14952.0, 0.0, -0.0, 0.0, -0.0, 0.0, 0.39999999999999997, 0.0], 
[14974.0, 0.0, -0.0, 0.0, -0.0, 0.0, 0.39999999999999997, 0.0], 
[14997.0, 0.0, -0.0, 0.0, -0.0, 0.0, 0.39999999999999997, 0.0], 
[15019.0, 0.0, -0.0, 0.0, -0.0, -0.20733042061328888, 0.39999999999999997, 0.0], 
[15049.0, 0.0, -0.0, 0.0, -0.0, -0.20733042061328888, 0.39999999999999997, 0.0], 
[15086.0, 0.0, -0.0, 0.0, -0.0, -0.4159276783466339, 0.39999999999999997, 0.0], 
[15110.0, -0.3575529158115387, -0.0, 0.0, -0.0, -0.4409593641757965, 0.39999999999999997, 0.0], 
[15136.0, -0.3575529158115387, -0.0, 0.0, -0.0, -0.4409593641757965, 0.39999999999999997, 0.0], 
[15156.0, -0.8331546783447266, -0.0, 0.0, -0.0, -0.19064263999462128, 0.39999999999999997, 0.0], 
[15184.0, -0.3742406964302063, -0.0, 0.0, -0.0, 0.0, 0.39999999999999997, 0.0], 
[15223.0, 0.0, -0.0, 0.0, -0.0, 0.0, 0.39999999999999997, 0.0], 
[15249.0, 0.0, -0.0, 0.0, -0.0, 0.0, 0.39999999999999997, 0.0], 
[15271.0, 0.0, -0.0, 0.0, -0.0, 0.0, 0.39999999999999997, 0.0], 
[15292.0, 0.0, -0.0, 0.0, -0.0, 0.0, 0.39999999999999997, 0.0], 
[15320.0, 0.0, -0.0, 0.0, -0.0, 0.0, 0.39999999999999997, 0.0], 
[15347.0, 0.0, -0.0, 0.0, -0.0, 0.0, 0.39999999999999997, 0.0], 
[15369.0, 0.0, -0.0, 0.0, -0.0, 0.0, 0.39999999999999997, 0.0], 
[15391.0, 0.0, -0.0, 0.0, -0.0, 0.0, 0.39999999999999997, 0.0], 
[15412.0, 0.0, -0.0, 0.0, -0.0, 0.0, 0.39999999999999997, 0.0], 
[15434.0, 0.0, -0.3492090404033661, 0.0, -0.0, 0.0, 0.39999999999999997, 0.0], 
[15470.0, 0.0, -0.883217990398407, 0.0, -0.0, 0.0, 0.39999999999999997, 0.0], 
[15509.0, 0.0, -0.8414985537528992, 0.0, -0.0, 0.0, 0.39999999999999997, 0.0], 
[15539.0, 0.0, -0.8414985537528992, 0.0, -0.0, 0.0, 0.39999999999999997, 0.0], 
[15562.0, 0.0, -0.17398732900619507, 0.0, -0.0, 0.0, 0.39999999999999997, 0.0], 
[15607.0, 0.0, -0.0, 0.0, -0.0, 0.0, 0.39999999999999997, 0.0], 
[15638.0, 0.0, -0.0, 0.0, -0.0, 0.0, 0.39999999999999997, 0.0], 
[15659.0, 0.0, -0.0, 0.0, -0.0, 0.0, 0.39999999999999997, 0.0], 
[15681.0, 0.0, -0.0, 0.0, -0.0, 0.0, 0.39999999999999997, 0.0], 
[15704.0, 0.0, -0.0, 0.0, -0.0, 0.0, 0.39999999999999997, 0.0], 
[15729.0, 0.0, -0.0, 0.0, -0.0, 0.0, 0.39999999999999997, 0.0], 
[15750.0, 0.0, -0.0, 0.0, -0.0, 0.0, 0.39999999999999997, 0.0], 
[15774.0, 0.0, -0.0, 0.0, -0.0, 0.0, 0.39999999999999997, 0.0], 
[15797.0, 0.0, -0.0, 0.0, -0.0, -0.3575204610824585, 0.39999999999999997, 0.0], 
[15822.0, 0.0, -0.0, 0.0, -0.0, -0.4743348956108093, 0.39999999999999997, 0.0], 
[15848.0, 0.0, -0.0, 0.0, -0.0, -0.4743348956108093, 0.39999999999999997, 0.0], 
[15871.0, 0.0, 0.015420937910676003, 0.0, -0.0, -0.2407059669494629, 0.39999999999999997, 0.0], 
[15901.0, 0.0, 0.015420937910676003, 0.0, -0.0, -0.2407059669494629, 0.39999999999999997, 0.0], 
[15921.0, 0.0, 0.5577738285064697, 0.0, -0.0, 0.0, 0.39999999999999997, 0.0], 
[15950.0, 0.0, 0.9833122491836548, 0.0, -0.0, 0.0, 0.39999999999999997, 0.0], 
[15981.0, 0.0, 0.6579004526138306, 0.0, -0.0, 0.0, 0.39999999999999997, 0.0], 
[16007.0, 0.0, 0.6579004526138306, 0.0, -0.0, 0.0, 0.39999999999999997, 0.0], 
[16034.0, 0.0, -0.0, 0.0, -0.0, 0.0, 0.39999999999999997, 0.0], 
[16061.0, 0.0, -0.0, 0.0, -0.0, 0.0, 0.39999999999999997, 0.0], 
[16085.0, 0.0, -0.0, 0.0, -0.0, 0.0, 0.39999999999999997, 0.0], 
[16119.0, 0.0, -0.0, 0.0, -0.0, 0.0, 0.39999999999999997, 0.0], 
[16141.0, 0.0, -0.0, 0.0, -0.0, -0.16561096906661987, 0.39999999999999997, 0.0], 
[16163.0, 0.0, -0.0, 0.0, -0.0, -0.16561096906661987, 0.39999999999999997, 0.0], 
[16183.0, 0.0, -0.0, 0.0, -0.0, -0.8581538796424866, 0.39999999999999997, 0.0], 
[16207.0, 0.0, -0.0, 0.0, -0.0, -0.8581538796424866, 0.39999999999999997, 0.0], 
[16235.0, 0.0, -0.0, 0.0, -0.0, -1.0, 0.39999999999999997, 0.0], 
[16264.0, 0.0, -0.0, 0.0, -0.0, -1.0, 0.39999999999999997, 0.0], 
[16289.0, 0.0, -0.0, 0.0, -0.0, -1.0, 0.39999999999999997, 0.0], 
[16309.0, 0.0, -0.0, 0.0, -0.0, -1.0, 0.39999999999999997, 0.0], 
[16331.0, 0.0, -0.0, 0.0, -0.0, -1.0, 0.39999999999999997, 0.0], 
[16355.0, 0.0, -0.0, 0.0, -0.0, -0.7663710713386536, 0.39999999999999997, -1.0], 
[16384.0, 0.0, -0.0, 0.0, -0.0, -0.10720372945070267, 0.39999999999999997, 0.0], 
[16407.0, 0.0, -0.0, 0.0, -0.0, -0.10720372945070267, 0.39999999999999997, 0.0], 
[16428.0, 0.0, -0.0, 0.0, -0.0, 0.0, 0.39999999999999997, 0.0], 
[16452.0, 0.0, -0.0, 0.0, -0.0, 0.0, 0.39999999999999997, 0.0], 
[16477.0, 0.0, -0.0, 0.0, -0.0, 0.0, 0.39999999999999997, 0.0], 
[16503.0, 0.0, -0.0, 0.0, -0.0, 0.0, 0.39999999999999997, -1.0], 
[16530.0, 0.0, -0.0, 0.0, -0.0, 0.0, 0.39999999999999997, -1.0], 
[16558.0, 0.0, -0.0, 0.0, -0.0, 0.0, 0.39999999999999997, -1.0], 
[16592.0, 0.0, -0.0, 0.0, -0.0, 0.0, 0.39999999999999997, 0.0], 
[16620.0, 0.0, -0.0, 0.0, -0.0, 0.0, 0.39999999999999997, 0.0], 
[16644.0, 0.0, -0.0, 0.0, -0.0, 0.0, 0.39999999999999997, 0.0], 
[16664.0, 0.0, -0.0, 0.0, -0.0, 0.0, 0.39999999999999997, -1.0], 
[16689.0, 0.0, -0.0, 0.0, -0.0, 0.0, 0.39999999999999997, -1.0], 
[16712.0, 0.0, -0.0, 0.0, -0.0, 0.0, 0.39999999999999997, -1.0], 
[16734.0, 0.0, -0.0, 0.0, -0.0, 0.0, 0.39999999999999997, -1.0], 
[16759.0, 0.0, -0.0, 0.0, -0.0, 0.0, 0.39999999999999997, -1.0], 
[16784.0, 0.0, -0.0, 0.0, -0.0, 0.0, 0.39999999999999997, 0.0], 
[16806.0, 0.0, -0.0, 0.0, -0.0, 0.0, 0.39999999999999997, 0.0], 
[16849.0, 0.0, -0.0, 0.0, -0.0, 0.0, 0.39999999999999997, -1.0], 
[16876.0, 0.0, -0.0, 0.0, -0.0, 0.0, 0.39999999999999997, -1.0], 
[16896.0, 0.0, -0.0, 0.0, -0.0, 0.0, 0.39999999999999997, -1.0], 
[16916.0, 0.0, -0.0, 0.0, -0.0, 0.0, 0.39999999999999997, -1.0], 
[16939.0, 0.0, -0.0, 0.0, -0.0, 0.0, 0.39999999999999997, -1.0], 
[16967.0, 0.0, -0.0, 0.0, -0.0, 0.0, 0.39999999999999997, 0.0], 
[16991.0, 0.0, -0.0, 0.0, -0.0, 0.0, 0.39999999999999997, 0.0], 
[17015.0, 0.0, -0.0, 0.0, -0.0, 0.0, 0.39999999999999997, 0.0], 
[17039.0, 0.0, -0.0, 0.0, 0.23236209154129028, 0.0, 0.39999999999999997, -1.0], 
[17091.0, 0.0, -0.0, 0.0, 0.3742082417011261, 0.0, 0.39999999999999997, -1.0], 
[17159.0, 0.0, -0.0, 0.0, 0.2907693088054657, 0.0, 0.39999999999999997, 0.0], 
[17197.0, 0.0, -0.0, 0.0, 0.5661177039146423, 0.0, 0.39999999999999997, -1.0], 
[17233.0, 0.0, -0.0, 0.0, 0.7413394451141357, 0.0, 0.39999999999999997, -1.0], 
[17267.0, 0.0, -0.0, 0.0, 0.8915294408798218, 0.0, 0.39999999999999997, -1.0], 
[17299.0, 0.0, -0.0, 0.0, 0.8915294408798218, 0.0, 0.39999999999999997, -1.0], 
[17332.0, 0.0, -0.0, 0.0, 1.0, 0.0, 0.39999999999999997, 0.0], 
[17371.0, 0.0, -0.15729954838752747, 0.0, 1.0, 0.0, 0.39999999999999997, 0.0], 
[17413.0, 0.0, -0.6329012513160706, 0.0, 1.0, 0.0, 0.39999999999999997, 0.0], 
[17449.0, 0.0, -0.883217990398407, 0.0, 1.0, 0.0, 0.39999999999999997, 0.0], 
[17492.0, 0.0, -0.9082496762275696, 0.0, 1.0, 0.0, 0.39999999999999997, 0.0], 
[17535.0, 0.0, -0.9499691128730774, 0.0, 1.0, 0.0, 0.39999999999999997, 0.0], 
[17586.0, 0.0, -1.0, 0.0, 1.0, 0.0, 0.39999999999999997, 0.0], 
[17635.0, 0.0, -1.0, 0.0, 1.0, 0.0, 0.39999999999999997, 0.0], 
[17675.0, 0.0, -1.0, 0.0, 1.0, 0.0, 0.39999999999999997, 0.0], 
[17709.0, 0.0, -1.0, 0.0, 1.0, 0.04048508033156395, 0.39999999999999997, 0.0], 
[17746.0, -0.09889230877161026, -1.0, 0.0, 1.0, 0.699652373790741, 0.39999999999999997, 0.0], 
[17791.0, -0.3742406964302063, -1.0, 0.0, 1.0, 1.0, 0.39999999999999997, 0.0], 
[17831.0, -0.6078696250915527, -0.8581863641738892, -0.22405065596103668, 0.908217191696167, 1.0, 0.39999999999999997, 0.0], 
[17879.0, -0.7664035558700562, -0.733027994632721, -0.824810802936554, 0.2573937475681305, 1.0, 0.39999999999999997, 0.0], 
[17917.0, -0.883217990398407, -0.6078696250915527, -1.0, -0.0, 1.0, 0.39999999999999997, 0.0], 
[17948.0, -0.5828379392623901, -0.3408651351928711, -1.0, -0.0, 1.0, 0.39999999999999997, 0.0], 
[17973.0, -0.5828379392623901, -0.3408651351928711, -1.0, -0.0, 1.0, 0.39999999999999997, 0.0], 
[17995.0, 0.0, -0.0, -1.0, -0.0, 1.0, 0.39999999999999997, 0.0], 
[18021.0, 0.0, -0.0, -1.0, -0.0, 1.0, 0.39999999999999997, 0.0], 
[18043.0, 0.0, -0.0, -1.0, -0.0, 1.0, 0.39999999999999997, 0.0], 
[18064.0, 0.0, -0.0, -1.0, -0.0, 1.0, 0.39999999999999997, 0.0], 
[18084.0, 0.0, -0.0, -1.0, -0.0, 1.0, 0.39999999999999997, 0.0], 
[18109.0, 0.0, -0.0, -1.0, -0.0, 1.0, 0.39999999999999997, 0.0], 
[18134.0, 0.0, -0.0, -1.0, -0.0, 1.0, 0.39999999999999997, 0.0], 
[18155.0, 0.0, -0.0, -1.0, -0.0, 1.0, 0.39999999999999997, 0.0], 
[18182.0, 0.0, -0.0, -1.0, -0.0, 1.0, 0.39999999999999997, 0.0], 
[18210.0, 0.0, -0.0, -1.0, -0.0, 1.0, 0.39999999999999997, 0.0], 
[18231.0, 0.0, -0.0, -1.0, -0.0, 1.0, 0.39999999999999997, 0.0], 
[18251.0, 0.0, -0.0, -1.0, -0.0, 1.0, 0.39999999999999997, 0.0], 
[18270.0, 0.0, -0.0, -1.0, -0.0, 1.0, 0.39999999999999997, 0.0], 
[18294.0, 0.0, -0.0, -1.0, -0.0, 1.0, 0.39999999999999997, 0.0], 
[18316.0, -0.04048508033156395, -0.0, -1.0, 0.05714039131999016, 1.0, 0.39999999999999997, 0.0], 
[18361.0, -0.4993990361690521, -0.0, -0.9332813620567322, 0.3575204610824585, 1.0, 0.39999999999999997, 0.0], 
[18402.0, -0.9666569232940674, -0.0, -0.5494623780250549, 0.8831855654716492, 1.0, 0.39999999999999997, 0.0], 
[18437.0, -1.0, -0.0, -0.02379729226231575, 1.0, 0.3742406964302063, 0.39999999999999997, 0.0], 
[18480.0, -1.0, -0.0, 0.0, 1.0, 0.0, 0.39999999999999997, 0.0], 
[18516.0, -1.0, -0.0, 0.0, 1.0, 0.0, 0.39999999999999997, 0.0], 
[18549.0, -1.0, -0.0, 0.0, 1.0, 0.0, 0.39999999999999997, 0.0], 
[18579.0, -1.0, -0.0, 0.0, 1.0, 0.0, 0.39999999999999997, 0.0], 
[18609.0, -1.0, -0.0, 0.0, 1.0, 0.0, 0.39999999999999997, 0.0], 
[18644.0, -1.0, -0.0, 0.0, 1.0, 0.0, 0.39999999999999997, 0.0], 
[18676.0, -1.0, -0.0, 0.0, 1.0, 0.0, 0.39999999999999997, 0.0], 
[18710.0, -1.0, -0.0, -0.015453403815627098, 1.0, 0.0, 0.39999999999999997, 0.0], 
[18755.0, -1.0, -0.0, -0.5828379392623901, 1.0, 0.0, 0.39999999999999997, 0.0], 
[18792.0, -1.0, -0.0, -1.0, 1.0, 0.0, 0.39999999999999997, 0.0], 
[18825.0, -1.0, -0.0, -1.0, 0.6078371405601501, 0.0, 0.39999999999999997, 0.0], 
[18860.0, -1.0, -0.0, -1.0, 0.06548428535461426, 0.0, 0.39999999999999997, 0.0], 
[18891.0, -1.0, -0.0, -1.0, 0.06548428535461426, 0.0, 0.39999999999999997, 0.0], 
[18923.0, -1.0, -0.0, -1.0, -0.0, 0.0, 0.39999999999999997, 0.0], 
[18943.0, -1.0, -0.0, -1.0, -0.0, 0.0, 0.39999999999999997, 0.0], 
[18964.0, -1.0, -0.0, -1.0, -0.0, 0.0, 0.39999999999999997, 0.0], 
[18985.0, -1.0, -0.0, -0.899905800819397, -0.0, 0.0, 0.39999999999999997, 0.0], 
[19019.0, -1.0, -0.0, -0.899905800819397, -0.0, 0.0, 0.39999999999999997, 0.0], 
[19046.0, -1.0, -0.0, -0.6162135004997253, -0.0, 0.0, 0.39999999999999997, 0.0], 
[19070.0, -1.0, -0.0, -0.03214119002223015, -0.0, 0.0, 0.39999999999999997, 0.0], 
[19092.0, -1.0, -0.0, -0.03214119002223015, -0.0, 0.0, 0.39999999999999997, 0.0], 
[19114.0, -1.0, -0.0, 0.0, -0.0, 0.0, 0.39999999999999997, 0.0], 
[19143.0, -1.0, -0.0, 0.0, -0.0, 0.0, 0.39999999999999997, 0.0], 
[19163.0, -1.0, -0.0, 0.0, -0.0, 0.0, 0.39999999999999997, 0.0], 
[19185.0, -1.0, -0.0, 0.0, -0.0, 0.0, 0.39999999999999997, 0.0], 
[19209.0, -1.0, -0.0, 0.0, -0.0, 0.0, 0.39999999999999997, 0.0], 
[19232.0, -1.0, -0.0, 0.0, -0.0, 0.0, 0.39999999999999997, 0.0], 
[19262.0, -1.0, -0.0, 0.0, -0.0, 0.0, 0.39999999999999997, 0.0], 
[19292.0, -1.0, -0.0, 0.0, -0.0, 0.0, 0.39999999999999997, 0.0], 
[19322.0, -1.0, -0.0, -0.19901899993419647, -0.0, 0.0, 0.39999999999999997, 0.0], 
[19348.0, -1.0, -0.0, -0.7497158050537109, -0.0, 0.0, 0.39999999999999997, 0.0], 
[19372.0, -1.0, -0.0, -0.7497158050537109, -0.0, 0.0, 0.39999999999999997, 0.0], 
[19393.0, -1.0, -0.0, -1.0, -0.0, 0.0, 0.39999999999999997, 0.0], 
[19415.0, -1.0, -0.0, -1.0, -0.0, 0.0, 0.39999999999999997, 0.0], 
[19435.0, -1.0, -0.0, -1.0, -0.0, 0.0, 0.39999999999999997, 0.0], 
[19455.0, -1.0, -0.0, -1.0, -0.0, 0.0, 0.39999999999999997, 0.0], 
[19476.0, -1.0, -0.0, -0.9249374866485596, -0.0, 0.0, 0.39999999999999997, 0.0], 
[19500.0, -1.0, -0.0, -0.9249374866485596, -0.0, 0.0, 0.39999999999999997, 0.0], 
[19521.0, -1.0, -0.0, -0.2908017635345459, -0.0, 0.0, 0.39999999999999997, 0.0], 
[19561.0, -1.0, -0.0, 0.0, -0.0, 0.0, 0.39999999999999997, 0.0], 
[19586.0, -1.0, -0.0, 0.0, -0.0, 0.0, 0.39999999999999997, 0.0], 
[19606.0, -1.0, -0.0, 0.0, -0.0, 0.0, 0.39999999999999997, 0.0], 
[19630.0, -1.0, -0.0, 0.0, -0.0, -0.06548428535461426, 0.39999999999999997, 0.0], 
[19658.0, -1.0, -0.0, 0.0, -0.0, -0.06548428535461426, 0.39999999999999997, 0.0], 
[19679.0, -1.0, -0.0, 0.0, -0.0, -0.3825521171092987, 0.39999999999999997, 0.0], 
[19702.0, -1.0, -0.0, 0.0, -0.0, -0.7914027571678162, 0.39999999999999997, 0.0], 
[19728.0, -1.0, -0.0, 0.0, -0.0, -0.7914027571678162, 0.39999999999999997, 0.0], 
[19751.0, -1.0, -0.0, 0.0, -0.0, -0.9833122491836548, 0.39999999999999997, 0.0], 
[19783.0, -1.0, -0.0, 0.0, -0.0, -1.0, 0.39999999999999997, 0.0], 
[19808.0, -1.0, -0.0, 0.0, -0.0, -1.0, 0.39999999999999997, 0.0], 
[19840.0, -1.0, -0.0, 0.0, -0.0, -1.0, 0.39999999999999997, 0.0], 
[19866.0, -1.0, -0.0, 0.0, -0.0, -1.0, 0.39999999999999997, 0.0], 
[19893.0, -1.0, -0.0, 0.0, -0.0, -1.0, 0.39999999999999997, 0.0], 
[19918.0, -1.0, 0.14057929813861847, 0.0, -0.0, -1.0, 0.39999999999999997, 0.0], 
[19944.0, -1.0, 0.4576471149921417, 0.0, -0.0, -1.0, 0.39999999999999997, 0.0], 
[19965.0, -1.0, 0.4576471149921417, 0.0, -0.0, -1.0, 0.39999999999999997, 0.0], 
[19986.0, -0.7747474312782288, 0.6829321384429932, 0.0, -0.0, -1.0, 0.39999999999999997, 0.0], 
[20009.0, -0.7747474312782288, 0.6829321384429932, 0.0, -0.0, -1.0, 0.39999999999999997, 0.0], 
[20031.0, -0.6579329371452332, 0.8080905675888062, 0.0, -0.0, -1.0, 0.39999999999999997, 0.0], 
[20059.0, -0.6579329371452332, 0.8080905675888062, 0.0, -0.0, -1.0, 0.39999999999999997, 0.0], 
[20078.0, -0.5995256900787354, 0.8581538796424866, 0.0, -0.0, -1.0, 0.39999999999999997, 0.0], 
[20108.0, -0.5160868167877197, 0.924905002117157, 0.0, -0.0, -1.0, 0.39999999999999997, 0.0], 
[20133.0, -0.5160868167877197, 0.924905002117157, 0.0, -0.0, -1.0, 0.39999999999999997, 0.0], 
[20157.0, -0.2991456687450409, 0.9833122491836548, 0.0, -0.0, -1.0, 0.39999999999999997, 0.0], 
[20183.0, -0.11558008193969727, 1.0, 0.0, -0.0, -1.0, 0.39999999999999997, 0.0], 
[20207.0, -0.11558008193969727, 1.0, 0.0, -0.0, -1.0, 0.39999999999999997, 0.0], 
[20232.0, 0.0, 1.0, 0.0, -0.0, -1.0, 0.39999999999999997, 0.0], 
[20263.0, 0.0, 1.0, 0.0, -0.0, -1.0, 0.39999999999999997, 0.0], 
[20287.0, 0.0, 1.0, 0.0, -0.0, -1.0, 0.39999999999999997, 0.0], 
[20317.0, 0.0, 1.0, 0.0, -0.0, -1.0, 0.39999999999999997, 0.0], 
[20343.0, 0.0, 0.5911493301391602, 0.0, -0.0, -1.0, 0.39999999999999997, 0.0], 
[20382.0, 0.0, 0.5911493301391602, 0.0, -0.0, -1.0, 0.39999999999999997, 0.0], 
[20405.0, 0.0, -0.0, 0.0, -0.0, -1.0, 0.39999999999999997, 0.0], 
[20433.0, 0.0, -0.0, 0.0, -0.0, -1.0, 0.39999999999999997, 0.0], 
[20455.0, 0.0, -0.0, 0.0, -0.0, -1.0, 0.39999999999999997, 0.0], 
[20480.0, 0.0, -0.0, 0.0, -0.0, -1.0, 0.39999999999999997, 0.0], 
[20501.0, 0.0, -0.0, 0.0, -0.0, -0.3491765558719635, 0.39999999999999997, 0.0], 
[20524.0, 0.0, -0.0, 0.0, -0.0, -0.3491765558719635, 0.39999999999999997, 0.0], 
[20543.0, 0.0, -0.0, 0.0, -0.0, 0.0, 0.39999999999999997, 0.0], 
[20567.0, 0.0, -0.0, 0.0, -0.0, 0.0, 0.39999999999999997, 0.0], 
[20590.0, 0.0, -0.0, 0.0, -0.0, 0.0, 0.39999999999999997, 0.0], 
[20609.0, 0.0, -0.0, 0.0, -0.0, 0.0, 0.39999999999999997, 0.0], 
[20629.0, 0.0, -0.0, 0.0, -0.0, 0.0, 0.39999999999999997, 0.0], 
[20649.0, 0.0, -0.0, 0.0, -0.0, 0.0, 0.39999999999999997, 0.0], 
[20669.0, 0.0, -0.0, 0.0, -0.0, 0.0, 0.39999999999999997, 0.0], 
[20687.0, 0.0, -0.0, 0.0, -0.0, 0.0, 0.39999999999999997, 0.0], 
[20707.0, -0.2574262320995331, -0.0, 0.0, -0.0, 0.0, 0.39999999999999997, 0.0], 
[20736.0, -0.2574262320995331, -0.0, 0.0, -0.0, 0.0, 0.39999999999999997, 0.0], 
[20755.0, -0.6913084983825684, -0.14895565807819366, 0.0, -0.0, 0.0, 0.39999999999999997, 0.0], 
[20783.0, -0.9666569232940674, -0.3658968210220337, 0.0, -0.0, 0.0, 0.39999999999999997, 0.0], 
[20813.0, -0.9666569232940674, -0.3658968210220337, 0.0, -0.0, 0.0, 0.39999999999999997, 0.0], 
[20836.0, -1.0, -0.4243040382862091, 0.0, -0.0, 0.0, 0.39999999999999997, 0.0], 
[20862.0, -1.0, -0.4243040382862091, 0.0, -0.0, 0.0, 0.39999999999999997, 0.0], 
[20891.0, -1.0, -0.4243040382862091, 0.0, -0.0, 0.0, 0.39999999999999997, 0.0], 
[20917.0, -0.5411185026168823, -0.17398732900619507, 0.0, -0.0, 0.0, 0.39999999999999997, 0.0], 
[20945.0, 0.0, -0.0, 0.0, -0.0, 0.0, 0.39999999999999997, 0.0], 
[20973.0, 0.0, -0.0, 0.0, -0.0, 0.0, 0.39999999999999997, 0.0], 
[20993.0, 0.0, -0.0, 0.0, -0.0, 0.0, 0.39999999999999997, 0.0], 
[21014.0, 0.0, -0.0, 0.0, -0.0, 0.0, 0.39999999999999997, 0.0], 
[21037.0, 0.0, -0.0, 0.0, -0.0, 0.0, 0.39999999999999997, 0.0], 
[21065.0, 0.0, -0.0, 0.0, -0.0, 0.0, 0.39999999999999997, 0.0], 
[21088.0, 0.0, -0.0, 0.0, -0.0, 0.0, 0.39999999999999997, 0.0], 
[21109.0, 0.0, -0.0, 0.0, -0.0, 0.0, 0.39999999999999997, 0.0], 
[21132.0, 0.0, -0.0, 0.0, -0.0, 0.0, 0.39999999999999997, 0.0], 
[21161.0, 0.0, -0.0, 0.0, -0.0, 0.0, 0.39999999999999997, 0.0], 
[21193.0, 0.0, -0.0, 0.0, -0.0, 0.0, 0.39999999999999997, 0.0], 
[21213.0, 0.0, -0.0, 0.0, -0.0, 0.0, 0.39999999999999997, 0.0], 
[21237.0, -0.13226787745952606, -0.0, 0.0, -0.0, 0.0, 0.39999999999999997, 0.0], 
[21273.0, -0.733027994632721, -0.0, 0.0, -0.0, 0.0, 0.39999999999999997, 0.0], 
[21308.0, -1.0, -0.0, 0.0, -0.0, 0.0, 0.39999999999999997, 0.0], 
[21344.0, -1.0, -0.0, 0.0, -0.0, 0.0, 0.39999999999999997, 0.0], 
[21367.0, -1.0, -0.0, 0.0, -0.0, 0.0, 0.39999999999999997, 0.0], 
[21391.0, -0.733027994632721, -0.0, 0.0, -0.0, 0.0, 0.39999999999999997, 0.0], 
[21425.0, 0.0, -0.0, 0.0, -0.0, 0.0, 0.39999999999999997, 0.0], 
[21456.0, 0.0, -0.0, 0.0, -0.0, 0.0, 0.39999999999999997, 0.0], 
[21478.0, 0.0, -0.0, 0.0, -0.0, 0.0, 0.39999999999999997, 0.0], 
[21498.0, 0.0, -0.0, 0.0, -0.0, 0.0, 0.39999999999999997, 0.0], 
[21519.0, 0.0, -0.0, 0.0, -0.0, 0.06551674753427505, 0.39999999999999997, 0.0], 
[21545.0, 0.0, -0.0, 0.0, -0.0, 0.2574262320995331, 0.39999999999999997, 0.0], 
[21571.0, 0.0, -0.0, 0.0, -0.0, 0.2574262320995331, 0.39999999999999997, 0.0], 
[21597.0, 0.0, -0.0, 0.0, -0.0, 0.3325212597846985, 0.39999999999999997, 0.0], 
[21628.0, -0.04048508033156395, 0.040452614426612854, 0.0, -0.0, 0.3325212597846985, 0.39999999999999997, 0.0], 
[21661.0, -0.04048508033156395, 0.040452614426612854, 0.0, -0.0, 0.3325212597846985, 0.39999999999999997, 0.0], 
[21687.0, -0.4243040382862091, 0.6161810159683228, 0.0, -0.0, 0.16564343869686127, 0.39999999999999997, 0.0], 
[21729.0, -0.3158334493637085, 0.666244387626648, 0.23236209154129028, -0.0, 0.0, 0.39999999999999997, 0.0], 
[21759.0, 0.0, -0.0, 0.4576471149921417, -0.0, 0.0, 0.39999999999999997, 0.0], 
[21797.0, 0.0, -0.0, 0.10720372945070267, -0.0, 0.0, 0.39999999999999997, 0.0], 
[21825.0, 0.0, -0.0, 0.0, -0.0, 0.0, 0.39999999999999997, 0.0], 
[21855.0, 0.0, -0.0, 0.0, -0.0, 0.0, 0.39999999999999997, 0.0], 
[21879.0, 0.0, -0.0, 0.0, -0.0, 0.0, 0.39999999999999997, 0.0], 
[21904.0, 0.0, -0.0, 0.0, -0.0, 0.0, 0.39999999999999997, 0.0], 
[21931.0, 0.0, -0.0, 0.0, -0.0, 0.0, 0.39999999999999997, 0.0], 
[21953.0, 0.0, -0.0, 0.0, -0.0, 0.0, 0.39999999999999997, 0.0], 
[21973.0, 0.0, -0.0, 0.0, -0.0, 0.0, 0.39999999999999997, 0.0], 
[22003.0, 0.0, -0.0, 0.0, -0.0, 0.0, 0.39999999999999997, 0.0], 
[22024.0, 0.0, -0.0, 0.0, -0.0, 0.0, 0.39999999999999997, 0.0], 
[22045.0, 0.0, -0.0, 0.0, -0.0, 0.0, 0.39999999999999997, 0.0], 
[22065.0, 0.0, -0.0, 0.0, -0.0, 0.0, 0.39999999999999997, 0.0], 
[22085.0, 0.0, -0.0, 0.0, -0.0, 0.0, 0.39999999999999997, 0.0], 
[22105.0, 0.0, 0.49102267622947693, 0.0, -0.0, 0.0, 0.39999999999999997, 0.0], 
[22132.0, 0.0, 0.49102267622947693, 0.0, -0.0, 0.0, 0.39999999999999997, 0.0], 
[22155.0, 0.0, 0.924905002117157, 0.0, -0.0, 0.0, 0.39999999999999997, 0.0], 
[22184.0, 0.0, 0.4242715835571289, 0.0, -0.09889230877161026, -0.09885983914136887, 0.39999999999999997, 0.0], 
[22237.0, 0.0, -0.0, 0.0, -0.4159601330757141, -0.6829321384429932, 0.39999999999999997, 0.0], 
[22280.0, 0.0, -0.0, 0.0, -0.5661501288414001, -0.5577738285064697, 0.39999999999999997, 0.0], 
[22314.0, 0.0, -0.0, 0.0, -0.4576795995235443, 0.0, 0.39999999999999997, 0.0], 
[22351.0, 0.0, -0.0, 0.0, -0.02379729226231575, 0.0, 0.39999999999999997, 0.0], 
[22390.0, 0.0, -0.0, 0.0, -0.0, 0.0, 0.39999999999999997, 0.0], 
[22414.0, 0.0, -0.0, 0.0, -0.0, 0.0, 0.39999999999999997, 0.0], 
[22440.0, 0.0, -0.0, 0.0, -0.0, 0.0, 0.39999999999999997, 0.0], 
[22468.0, 0.0, -0.0, 0.0, -0.0, 0.0, 0.39999999999999997, 0.0], 
[22492.0, 0.0, -0.0, 0.0, -0.0, 0.0, 0.39999999999999997, 0.0], 
[22518.0, 0.0, -0.0, 0.0, -0.0, 0.0, 0.39999999999999997, 0.0], 
[22551.0, 0.0, -0.0, 0.0, -0.0, 0.0, 0.39999999999999997, 0.0], 
[22573.0, 0.0, -0.0, 0.0, -0.0, 0.0, 0.39999999999999997, 0.0], 
[22594.0, 0.0, -0.0, 0.0, -0.0, 0.0, 0.39999999999999997, 0.0], 
[22614.0, 0.0, -0.0, 0.0, -0.0, 0.0, 0.39999999999999997, 0.0], 
[22633.0, 0.0, -0.0, 0.0, -0.0, 0.0, 0.39999999999999997, 0.0], 
[22651.0, 0.0, -0.0, 0.0, -0.0, 0.0, 0.39999999999999997, 0.0], 
[22669.0, 0.0, -0.0, 0.0, -0.0, 0.0, 0.39999999999999997, 0.0], 
[22689.0, 0.0, -0.0, 0.0, -0.0, 0.0, 0.39999999999999997, 0.0], 
[22707.0, 0.0, -0.0, 0.0, -0.0, 0.0, 0.39999999999999997, 0.0], 
[22725.0, 0.0, -0.0, 0.0, -0.0, 0.0, 0.39999999999999997, 0.0], 
[22743.0, 0.0, -0.0, 0.0, -0.0, 0.0, 0.39999999999999997, 0.0], 
[22775.0, 0.0, -0.0, 0.0, -0.0, 0.0, 0.39999999999999997, 0.0], 
[22796.0, 0.0, -0.0, 0.0, -0.0, 0.0, 0.39999999999999997, 0.0], 
[22826.0, 0.0, -0.0, 0.0, -0.0, 0.0, 0.39999999999999997, 0.0], 
[22859.0, 0.0, -0.0, 0.0, -0.0, 0.0, 0.39999999999999997, 0.0], 
[22886.0, 0.0, -0.0, 0.0, -0.0, 0.0, 0.39999999999999997, 0.0], 
[22913.0, 0.0, -0.0, 0.0, -0.0, 0.0, 0.39999999999999997, 0.0], 
[22941.0, 0.0, -0.0, 0.0, -0.0, 0.0, 0.5, 0.0], 
[22965.0, 0.0, -0.0, 0.0, -0.0, 0.0, 0.5, 0.0], 
[22987.0, 0.0, -0.0, 0.0, -0.0, 0.0, 0.5, 0.0], 
[23008.0, 0.0, -0.0, 0.0, -0.0, 0.0, 0.5, 0.0], 
[23030.0, 0.0, -0.0, 0.0, -0.0, 0.0, 0.5, 0.0], 
[23049.0, 0.0, -0.0, 0.0, -0.0, 0.0, 0.5, 0.0], 
[23068.0, 0.0, -0.0, 0.0, -0.0, 0.0, 0.5, 0.0], 
[23090.0, 0.0, -0.0, 0.0, -0.0, 0.0, 0.5, 0.0], 
[23111.0, 0.0, -0.0, 0.0, -0.0, 0.0, 0.5, 0.0], 
[23129.0, 0.0, -0.0, 0.0, -0.0, 0.0, 0.5, 0.0], 
[23149.0, 0.0, -0.0, 0.0, -0.0, 0.0, 0.5, 0.0], 
[23169.0, 0.0, -0.0, 0.0, -0.0, 0.0, 0.5, 0.0], 
[23190.0, 0.0, -0.0, 0.0, -0.0, 0.0, 0.5, 0.0], 
[23209.0, 0.0, -0.0, 0.0, -0.0, 0.0, 0.5, 0.0], 
[23230.0, 0.0, -0.0, 0.0, -0.0, 0.0, 0.5, 0.0], 
[23251.0, 0.0, -0.0, 0.0, -0.0, 0.0, 0.6, 0.0], 
[23280.0, 0.0, -0.0, 0.0, -0.0, 0.0, 0.6, 0.0], 
[23301.0, 0.0, -0.0, 0.0, -0.0, 0.0, 0.6, 0.0], 
[23321.0, 0.0, -0.0, 0.0, -0.0, 0.0, 0.6, 0.0], 
[23344.0, 0.0, -0.0, 0.0, -0.0, 0.0, 0.6, 0.0], 
[23369.0, 0.0, -0.0, 0.0, -0.0, 0.0, 0.6, 0.0], 
[23391.0, 0.0, -0.0, 0.0, -0.0, 0.0, 0.6, 0.0], 
[23411.0, 0.0, -0.0, 0.0, -0.0, 0.0, 0.6, 0.0], 
[23434.0, 0.0, -0.0, 0.0, -0.0, 0.0, 0.6, 0.0], 
[23458.0, 0.0, -0.0, 0.0, -0.0, 0.0, 0.6, 0.0], 
[23479.0, 0.0, -0.0, 0.0, -0.0, 0.0, 0.6, 0.0], 
[23504.0, 0.0, -0.0, 0.0, -0.0, 0.0, 0.7, 0.0], 
[23525.0, 0.0, -0.0, 0.0, -0.0, 0.0, 0.7, 0.0], 
[23551.0, 0.0, -0.0, 0.0, -0.0, 0.0, 0.7, 0.0], 
[23574.0, 0.0, -0.0, 0.0, -0.0, 0.0, 0.7, 0.0], 
[23608.0, 0.0, -0.0, 0.0, -0.0, 0.0, 0.7, 0.0], 
[23632.0, 0.0, -0.0, 0.0, -0.0, 0.0, 0.7, 0.0], 
[23655.0, 0.0, -0.0, 0.0, -0.0, 0.0, 0.7, 0.0], 
[23677.0, 0.0, -0.0, 0.0, -0.0, 0.0, 0.7, 0.0], 
[23699.0, 0.0, -0.0, 0.0, -0.0, 0.0, 0.7, 0.0], 
[23721.0, 0.0, -0.0, 0.0, -0.0, 0.0, 0.7, 0.0], 
[23741.0, 0.0, -0.0, 0.0, -0.0, 0.0, 0.7, 0.0], 
[23761.0, 0.0, -0.0, 0.0, -0.0, 0.0, 0.7, 0.0], 
[23799.0, 0.0, -0.0, 0.0, -0.0, 0.0, 0.7, 0.0], 
[23822.0, 0.0, -0.0, 0.0, -0.0, 0.0, 0.7, 0.0], 
[23847.0, 0.0, -0.0, 0.0, -0.0, 0.0, 0.7, 0.0], 
[23885.0, 0.0, -0.0, 0.0, -0.0, 0.0, 0.7, 0.0], 
[23911.0, 0.0, -0.0, 0.0, -0.0, 0.0, 0.7, 0.0], 
[23937.0, 0.0, -0.0, 0.0, -0.0, 0.0, 0.7, 0.0], 
[23960.0, 0.0, -0.0, 0.0, -0.03214119002223015, 0.4993990361690521, 0.7, 0.0], 
[24001.0, 0.0, -0.0, 0.0, -0.6579329371452332, 0.97500079870224, 0.7000000000000002, 0.0], 
[24031.0, 0.0, -0.0, 0.0, -1.0, 1.0, 0.7000000000000002, 0.0], 
[24068.0, 0.0, -0.0, 0.0, -1.0, 1.0, 0.7000000000000002, 0.0], 
[24098.0, 0.0, -0.0, 0.0, -1.0, 1.0, 0.7000000000000002, 0.0], 
[24128.0, 0.0, -0.0, 0.0, -1.0, 1.0, 0.7000000000000002, 0.0], 
[24167.0, 0.0, -0.0, 0.0, -1.0, 1.0, 0.7000000000000002, 0.0], 
[24204.0, 0.0, -0.0, 0.0, -1.0, 1.0, 0.7000000000000002, 0.0], 
[24242.0, 0.0, -0.0, 0.0, -1.0, 1.0, 0.7000000000000002, 0.0], 
[24272.0, 0.0, -0.0, 0.0, -1.0, 1.0, 0.7000000000000002, 0.0], 
[24322.0, 0.0, -0.0, 0.0, -1.0, 1.0, 0.7000000000000002, 0.0], 
[24359.0, 0.0, -0.0, 0.0, -1.0, 1.0, 0.7000000000000002, 0.0], 
[24393.0, 0.0, -0.0, 0.0, -1.0, 0.09054841846227646, 0.7000000000000002, 0.0], 
[24443.0, 0.0, -0.0, 0.0, -1.0, 0.0, 0.7000000000000002, 0.0], 
[24483.0, 0.0, -0.0, 0.0, -1.0, 0.0, 0.7000000000000002, 0.0], 
[24526.0, 0.0, -0.0, 0.0, -0.2991456687450409, 0.0, 0.7000000000000002, 1.0], 
[24565.0, 0.17395485937595367, -0.0, 0.0, -0.0, 0.0, 0.7000000000000002, 1.0], 
[24597.0, 0.7413394451141357, -0.3658968210220337, 0.0, -0.0, 0.0, 0.7000000000000002, 1.0], 
[24629.0, 0.9332488775253296, -0.4993990361690521, 0.0, -0.0, 0.0, 0.7000000000000002, 0.0], 
[24662.0, 0.9415927529335022, -0.4993990361690521, 0.0, -0.0, 0.0, 0.7000000000000002, 0.0], 
[24693.0, 0.9415927529335022, -0.4993990361690521, 0.0, -0.0, 0.0, 0.7000000000000002, 0.0], 
[24721.0, 0.9415927529335022, -0.4993990361690521, 0.0, -0.0, 0.0, 0.7000000000000002, 1.0], 
[24743.0, 0.9415927529335022, -0.4993990361690521, 0.0, -0.0, 0.0, 0.7000000000000002, 1.0], 
[24762.0, 0.9415927529335022, -0.4993990361690521, 0.0, -0.0, 0.0, 0.7000000000000002, 1.0], 
[24784.0, 0.9415927529335022, -0.4993990361690521, 0.0, -0.0, 0.0, 0.7000000000000002, 0.0], 
[24805.0, 0.9415927529335022, -0.4993990361690521, 0.0, -0.0, 0.0, 0.7000000000000002, 0.0], 
[24826.0, 0.9415927529335022, -0.4993990361690521, 0.0, -0.0, 0.0, 0.7000000000000002, 0.0], 
[24848.0, 0.9415927529335022, -0.4993990361690521, 0.0, -0.0, 0.0, 0.7000000000000002, 0.0], 
[24870.0, 0.8748416304588318, -0.5160868167877197, 0.0, -0.0, 0.0, 0.7000000000000002, 1.0], 
[24906.0, 0.3324887454509735, -0.18233121931552887, 0.0, -0.0, 0.0, 0.7000000000000002, 1.0], 
[24951.0, 0.0, -0.0, 0.0, -0.0, 0.0, 0.7000000000000002, 1.0], 
[24995.0, 0.0, -0.0, 0.0, -0.0, 0.0, 0.7000000000000002, 0.0], 
[25021.0, 0.0, -0.0, 0.0, -0.0, 0.0, 0.7000000000000002, 0.0], 
[25045.0, 0.0, -0.0, 0.0, -0.0, 0.0, 0.7000000000000002, 0.0], 
[25069.0, 0.0, -0.0, 0.0, -0.0, 0.0, 0.7000000000000002, 1.0], 
[25096.0, 0.0, -0.0, 0.0, -0.0, 0.0, 0.7000000000000002, 1.0], 
[25119.0, 0.0, -0.0, 0.0, -0.0, 0.0, 0.7000000000000002, 1.0], 
[25139.0, 0.0, -0.0, 0.0, -0.0, 0.0, 0.7000000000000002, 1.0], 
[25159.0, 0.0, -0.0, 0.0, -0.0, 0.0, 0.7000000000000002, 0.0], 
[25176.0, 0.0, -0.0, 0.0, -0.0, 0.0, 0.7000000000000002, 0.0], 
[25196.0, 0.09885983914136887, -0.08220452815294266, 0.0, -0.0, 0.0, 0.7000000000000002, 0.0], 
[25221.0, 0.4993665814399719, -0.4243040382862091, 0.0, -0.0, 0.0, 0.7000000000000002, 0.0], 
[25252.0, 0.4993665814399719, -0.4243040382862091, 0.0, -0.0, 0.0, 0.7000000000000002, 1.0], 
[25275.0, 0.7329954504966736, -0.6913084983825684, 0.0, -0.0, 0.0, 0.7000000000000002, 1.0], 
[25302.0, 0.7413394451141357, -0.7580596804618835, 0.0, -0.0, 0.0, 0.7000000000000002, 0.0], 
[25329.0, 0.7413394451141357, -0.7580596804618835, 0.0, -0.0, 0.0, 0.7000000000000002, 0.0], 
[25350.0, 0.6328688263893127, -0.8164669275283813, 0.0, -0.0, 0.0, 0.7000000000000002, 0.0], 
[25372.0, 0.6328688263893127, -0.8164669275283813, 0.0, -0.0, 0.0, 0.7000000000000002, 0.0], 
[25392.0, 0.4159276783466339, -0.883217990398407, 0.0, -0.0, 0.0, 0.7000000000000002, 1.0], 
[25425.0, 0.17395485937595367, -0.8915619254112244, 0.0, -0.0, 0.0, 0.7000000000000002, 1.0], 
[25458.0, 0.17395485937595367, -0.8915619254112244, 0.0, -0.0, 0.0, 0.7000000000000002, 1.0], 
[25479.0, 0.15726707875728607, -0.9416252374649048, 0.0, -0.0, 0.0, 0.7000000000000002, 1.0], 
[25519.0, 0.11554761976003647, -1.0, 0.0, -0.0, 0.03214119002223015, 0.7000000000000002, 0.0], 
[25549.0, 0.09885983914136887, -1.0, 0.0, -0.0, 0.6412451863288879, 0.7000000000000002, 0.0], 
[25581.0, 0.2824254333972931, -1.0, 0.0, -0.0, 1.0, 0.7000000000000002, 0.0], 
[25607.0, 0.2824254333972931, -1.0, 0.0, -0.0, 1.0, 0.7000000000000002, 0.0], 
[25630.0, 0.7914027571678162, -0.6495890617370605, 0.0, -0.0, 1.0, 0.7000000000000002, 0.0], 
[25653.0, 0.7914027571678162, -0.6495890617370605, 0.0, -0.0, 1.0, 0.7000000000000002, 0.0], 
[25676.0, 0.9916561245918274, -0.24073843657970428, 0.0, -0.0, 1.0, 0.7000000000000002, 0.0], 
[25703.0, 1.0, -0.0, 0.0, -0.0, 1.0, 0.7000000000000002, 0.0], 
[25734.0, 1.0, -0.0, 0.0, -0.0, 1.0, 0.7000000000000002, 0.0], 
[25759.0, 1.0, -0.0, 0.0, -0.0, 1.0, 0.7000000000000002, 0.0], 
[25788.0, 1.0, -0.0, 0.2991132140159607, -0.0, 1.0, 0.7000000000000002, 0.0], 
[25816.0, 1.0, -0.0, 0.2991132140159607, -0.0, 1.0, 0.7000000000000002, 0.0], 
[25837.0, 1.0, -0.0, 0.8164344429969788, -0.0, 1.0, 0.7000000000000002, 0.0], 
[25862.0, 1.0, -0.0, 1.0, -0.0, 1.0, 0.7000000000000002, 0.0], 
[25884.0, 1.0, -0.0, 1.0, -0.0, 1.0, 0.7000000000000002, 0.0], 
[25905.0, 1.0, -0.0, 1.0, -0.0, 1.0, 0.7000000000000002, 0.0], 
[25929.0, 1.0, -0.0, 1.0, -0.0, 1.0, 0.7000000000000002, 0.0], 
[25954.0, 1.0, -0.0, 1.0, -0.0, 1.0, 0.7000000000000002, 0.0], 
[25976.0, 1.0, -0.0, 1.0, -0.0, 1.0, 0.7000000000000002, 0.0], 
[25997.0, 1.0, -0.0, 1.0, -0.0, 1.0, 0.7000000000000002, 0.0], 
[26018.0, 1.0, -0.0, 1.0, -0.0, 1.0, 0.7000000000000002, 0.0], 
[26046.0, 1.0, 0.015420937910676003, 1.0, -0.0, 1.0, 0.7000000000000002, 0.0], 
[26075.0, 1.0, 0.023764828220009804, 1.0, -0.0, 1.0, 0.7000000000000002, 0.0], 
[26100.0, 1.0, 0.023764828220009804, 1.0, -0.0, 1.0, 0.7000000000000002, 0.0], 
[26124.0, 1.0, 0.023764828220009804, 1.0, -0.0, 1.0, 0.7000000000000002, 0.0], 
[26147.0, 1.0, 0.023764828220009804, 1.0, -0.0, 1.0, 0.7000000000000002, 0.0], 
[26166.0, 1.0, 0.023764828220009804, 1.0, -0.0, 1.0, 0.7000000000000002, 0.0], 
[26187.0, 1.0, 0.023764828220009804, 1.0, -0.0, 1.0, 0.7000000000000002, 0.0], 
[26211.0, 1.0, 0.023764828220009804, 1.0, -0.0, 1.0, 0.7000000000000002, 0.0], 
[26237.0, 1.0, -0.0, 1.0, -0.0, 1.0, 0.7000000000000002, 0.0], 
[26264.0, 1.0, -0.0, 1.0, -0.0, 1.0, 0.7000000000000002, 0.0], 
[26285.0, 1.0, -0.0, 1.0, -0.0, 1.0, 0.7000000000000002, 0.0], 
[26315.0, 1.0, -0.0, 1.0, -0.0, 1.0, 0.7000000000000002, 0.0], 
[26344.0, 1.0, -0.0, 1.0, -0.0, 1.0, 0.7000000000000002, 0.0], 
[26368.0, 1.0, -0.0, 1.0, -0.0, 1.0, 0.7000000000000002, 0.0], 
[26392.0, 1.0, -0.0, 0.908217191696167, -0.0, 1.0, 0.7000000000000002, 0.0], 
[26419.0, 1.0, -0.0, 0.908217191696167, -0.0, 1.0, 0.7000000000000002, 0.0], 
[26448.0, 1.0, -0.0, 0.6912760138511658, -0.0, 1.0, 0.7000000000000002, 0.0], 
[26482.0, 1.0, -0.0, 0.19898653030395508, -0.0, 1.0, 0.7000000000000002, 0.0], 
[26510.0, 1.0, -0.0, 0.0, -0.0, 1.0, 0.7000000000000002, 0.0], 
[26539.0, 1.0, -0.0, 0.0, -0.0, 1.0, 0.7000000000000002, 0.0], 
[26564.0, 1.0, 0.14057929813861847, 0.0, -0.0, 1.0, 0.7000000000000002, 0.0], 
[26616.0, 1.0, 0.3908960223197937, 0.0, -0.0, 1.0, 0.7000000000000002, 0.0], 
[26642.0, 0.908217191696167, 0.5077104568481445, 0.0, -0.0, 1.0, 0.7000000000000002, 0.0], 
[26675.0, 0.8831855654716492, 0.5243982672691345, 0.0, -0.0, 1.0, 0.7000000000000002, 0.0], 
[26703.0, 0.8831855654716492, 0.5243982672691345, 0.0, -0.0, 1.0, 0.7000000000000002, 0.0], 
[26730.0, 0.8831855654716492, 0.5243982672691345, 0.2824254333972931, -0.0, 1.0, 0.7000000000000002, 0.0], 
[26760.0, 0.8831855654716492, 0.5327421426773071, 0.8080905675888062, -0.0, 0.5661501288414001, 0.7000000000000002, 0.0], 
[26790.0, 0.8831855654716492, 0.5327421426773071, 1.0, -0.0, 0.0, 0.7000000000000002, 0.0], 
[26821.0, 0.8664977550506592, 0.5577738285064697, 1.0, -0.0, 0.0, 0.7000000000000002, 0.0], 
[26847.0, 0.8664977550506592, 0.5577738285064697, 1.0, -0.0, 0.0, 0.7000000000000002, 0.0], 
[26876.0, 0.7830588817596436, 0.6412127017974854, 1.0, -0.0, 0.0, 0.7000000000000002, 0.0], 
[26901.0, 0.6579004526138306, 0.7496833205223083, 0.4242715835571289, -0.0, 0.0, 0.7000000000000002, 0.0], 
[26926.0, 0.6579004526138306, 0.7496833205223083, 0.4242715835571289, -0.0, 0.0, 0.7000000000000002, 0.0], 
[26952.0, 0.5410860180854797, 0.8664977550506592, 0.0, -0.0, 0.0, 0.7000000000000002, 0.0], 
[26986.0, 0.4743348956108093, 0.9332488775253296, 0.0, -0.0, 0.0, 0.7000000000000002, 0.0], 
[27007.0, 0.4743348956108093, 0.9332488775253296, 0.0, -0.0, 0.0, 0.7000000000000002, 0.0], 
[27026.0, 0.4659910202026367, 0.9332488775253296, 0.0, -0.0, 0.0, 0.7000000000000002, 0.0], 
[27047.0, 0.4659910202026367, 0.9332488775253296, 0.0, -0.0, 0.0, 0.7000000000000002, 0.0], 
[27067.0, 0.4659910202026367, 0.9332488775253296, 0.0, -0.0, 0.0, 0.7000000000000002, 0.0], 
[27089.0, 0.4659910202026367, 0.9332488775253296, 0.0, -0.0, 0.0, 0.7000000000000002, 0.0], 
[27108.0, 0.4659910202026367, 0.9332488775253296, 0.0, -0.0, 0.0, 0.7000000000000002, 0.0], 
[27138.0, 0.4659910202026367, 0.9332488775253296, 0.0, -0.0, 0.0, 0.7000000000000002, 0.0], 
[27158.0, 0.4659910202026367, 0.9415927529335022, 0.0, -0.0, 0.0, 0.7000000000000002, 0.0], 
[27185.0, 0.4659910202026367, 0.9415927529335022, 0.0, -0.0, 0.0, 0.7000000000000002, 0.0], 
[27208.0, 0.4659910202026367, 0.9415927529335022, 0.0, -0.0, 0.0, 0.7000000000000002, 0.0], 
[27231.0, 0.4659910202026367, 0.9415927529335022, 0.0, -0.0, 0.0, 0.7000000000000002, 0.0], 
[27253.0, 0.4659910202026367, 0.9415927529335022, 0.0, -0.0, 0.0, 0.7000000000000002, 0.0], 
[27276.0, 0.5828054547309875, 0.7997466325759888, 0.0, -0.0, 0.0, 0.7000000000000002, 0.0], 
[27306.0, 0.6328688263893127, 0.7413394451141357, 0.0, -0.0, 0.0, 0.7000000000000002, 0.0], 
[27341.0, 0.649556577205658, 0.7413394451141357, 0.0, -0.0, 0.0, 0.7000000000000002, 0.0], 
[27369.0, 0.649556577205658, 0.7413394451141357, 0.0, -0.0, 0.0, 0.7000000000000002, 0.0], 
[27400.0, 0.649556577205658, 0.7413394451141357, 0.05714039131999016, -0.0, 0.0, 0.7000000000000002, 0.0], 
[27428.0, 0.649556577205658, 0.7413394451141357, 0.12389151006937027, -0.0, 0.0, 0.7000000000000002, 0.0], 
[27458.0, 0.649556577205658, 0.7413394451141357, 0.12389151006937027, -0.0, 0.0, 0.7000000000000002, 0.0], 
[27481.0, 0.649556577205658, 0.7329954504966736, 0.49102267622947693, -0.0, 0.0, 0.7000000000000002, 0.0], 
[27505.0, 0.6996199488639832, 0.7079638242721558, 0.9165611267089844, -0.0, 0.0, 0.7000000000000002, 0.0], 
[27527.0, 0.6996199488639832, 0.7079638242721558, 0.9165611267089844, -0.0, 0.0, 0.7000000000000002, 0.0], 
[27548.0, 0.7329954504966736, 0.6996199488639832, 1.0, -0.0, 0.0, 0.7000000000000002, 0.0], 
[27571.0, 0.7329954504966736, 0.6996199488639832, 1.0, -0.0, 0.0, 0.7000000000000002, 0.0], 
[27590.0, 0.7329954504966736, 0.6996199488639832, 1.0, -0.0, 0.0, 0.7000000000000002, 0.0], 
[27610.0, 0.7329954504966736, 0.6996199488639832, 1.0, -0.0, 0.0, 0.7000000000000002, 0.0], 
[27630.0, 0.7329954504966736, 0.6996199488639832, 1.0, -0.0, 0.0, 0.7000000000000002, 0.0], 
[27661.0, 0.7329954504966736, 0.6996199488639832, 1.0, -0.0, 0.0, 0.7000000000000002, 0.0], 
[27681.0, 0.7329954504966736, 0.6996199488639832, 1.0, -0.0, 0.0, 0.7000000000000002, 0.0], 
[27701.0, 0.7329954504966736, 0.6996199488639832, 1.0, -0.0, 0.0, 0.7000000000000002, 0.0], 
[27721.0, 0.7329954504966736, 0.6996199488639832, 0.3992398977279663, -0.0, 0.0, 0.7000000000000002, 0.0], 
[27752.0, 0.7329954504966736, 0.6996199488639832, 0.0, -0.0, 0.0, 0.7000000000000002, 0.0], 
[27777.0, 0.7329954504966736, 0.6996199488639832, 0.0, -0.0, 0.0, 0.7000000000000002, 0.0], 
[27797.0, 0.7329954504966736, 0.6996199488639832, 0.0, -0.0, 0.0, 0.7000000000000002, 0.0], 
[27818.0, 0.7329954504966736, 0.6996199488639832, 0.0, -0.0, 0.0, 0.7000000000000002, 0.0], 
[27843.0, 0.7329954504966736, 0.6996199488639832, 0.0, -0.0, 0.0, 0.7000000000000002, 0.0], 
[27863.0, 0.7329954504966736, 0.6996199488639832, 0.0, -0.0, 0.0, 0.7000000000000002, 0.0], 
[27887.0, 0.7329954504966736, 0.6996199488639832, 0.0, -0.0, 0.0, 0.7000000000000002, 0.0], 
[27918.0, 0.7329954504966736, 0.6996199488639832, 0.0, -0.0, 0.0, 0.7000000000000002, 0.0], 
[27944.0, 0.7329954504966736, 0.6996199488639832, 0.0, -0.0, 0.0, 0.7000000000000002, 0.0], 
[27966.0, 0.7329954504966736, 0.6996199488639832, 0.0, -0.0, 0.0, 0.7000000000000002, 0.0], 
[27989.0, 0.7329954504966736, 0.6996199488639832, 0.0, -0.0, 0.0, 0.7000000000000002, 0.0], 
[28009.0, 0.7329954504966736, 0.6996199488639832, 0.0, -0.0, 0.0, 0.7000000000000002, 0.0], 
[28029.0, 0.7329954504966736, 0.6829321384429932, 0.05714039131999016, -0.0, 0.0, 0.7000000000000002, 0.0], 
[28052.0, 0.7329954504966736, 0.6829321384429932, 0.05714039131999016, -0.0, 0.0, 0.7000000000000002, 0.0], 
[28070.0, 0.7329954504966736, 0.5661177039146423, 0.5160543322563171, -0.0, 0.0, 0.7000000000000002, 0.0], 
[28093.0, 0.7329954504966736, 0.5661177039146423, 0.5160543322563171, -0.0, 0.0, 0.7000000000000002, 0.0], 
[28113.0, 0.7329954504966736, 0.5077104568481445, 0.9332488775253296, -0.0, 0.0, 0.7000000000000002, 0.0], 
[28139.0, 0.4993665814399719, 0.21567431092262268, 1.0, -0.0, 0.0, 0.7000000000000002, 0.0], 
[28165.0, 0.4993665814399719, 0.21567431092262268, 1.0, -0.0, 0.0, 0.7000000000000002, 0.0], 
[28195.0, 0.06548428535461426, -0.0, 1.0, -0.0, 0.0, 0.7000000000000002, 0.0], 
[28222.0, 0.0, -0.0, 1.0, -0.0, 0.0, 0.7000000000000002, 0.0], 
[28253.0, 0.0, -0.0, 1.0, -0.0, 0.0, 0.7000000000000002, 0.0], 
[28275.0, 0.0, -0.0, 1.0, -0.0, 0.0, 0.7000000000000002, 0.0], 
[28294.0, 0.0, -0.0, 1.0, -0.0, 0.0, 0.7000000000000002, 0.0], 
[28313.0, 0.0, -0.0, 1.0, -0.0, 0.0, 0.7000000000000002, 0.0], 
[28331.0, 0.0, -0.0, 1.0, -0.0, 0.0, 0.7000000000000002, 0.0], 
[28355.0, 0.0, -0.0, 1.0, -0.0, 0.0, 0.7000000000000002, 0.0], 
[28375.0, 0.0, -0.0, 1.0, -0.0, 0.0, 0.7000000000000002, 0.0], 
[28395.0, 0.0, -0.0, 1.0, -0.0, 0.0, 0.7000000000000002, 0.0], 
[28414.0, 0.0, -0.0, 1.0, -0.0, 0.0, 0.7000000000000002, 0.0], 
[28433.0, 0.0, -0.0, 1.0, -0.0, 0.0, 0.7000000000000002, 0.0], 
[28468.0, 0.0, -0.0, 1.0, -0.0, 0.0, 0.7000000000000002, 0.0], 
[28499.0, 0.0, -0.0, 1.0, -0.0, 0.0, 0.7000000000000002, 0.0], 
[28527.0, 0.0, -0.0, 1.0, -0.0, 0.0, 0.7000000000000002, 0.0], 
[28551.0, 0.0, -0.0, 1.0, -0.0, 0.0, 0.7000000000000002, 0.0], 
[28572.0, 0.0, -0.0, 1.0, -0.0, 0.0, 0.7000000000000002, 0.0], 
[28592.0, 0.2657376527786255, 0.09885983914136887, 1.0, -0.0, 0.0, 0.7000000000000002, 0.0], 
[28617.0, 0.2657376527786255, 0.09885983914136887, 1.0, -0.0, 0.0, 0.7000000000000002, 0.0], 
[28634.0, 0.7413394451141357, 0.5494298934936523, 1.0, -0.0, 0.0, 0.7000000000000002, 0.0], 
[28658.0, 